
Matrices A, B: : 


: 

[15 -11 -12 12]
[-15 -2 15 -15]
[12 14 -12 -6]
[-1 -8 16 -13]

: 

[0 15 14 9]
[-3 -7 -12 -4]
[10 10 -16 15]
[-13 -3 9 3]

 Shifting step: 1

A: 

[-11 -12]
[15 -15]

 Shifting step: 0

 Shifting step: 2

A: 

[14 -12]
[16 -13]

B: 

[-3 10]
[10 -3]

C: 

[-84 -20]
[353 240]

B: 


 Shifting step: 3

A: 

[-12 15]
[-16 3]

C: 

[642 35]
[-561 53]
[12 15]

A: 

[-15 -2]

B: 

[-13 15]
[0 -7]

C: 

[-243 146]
[351 -16]
[-6 12]
[-1 -8]

B: 

[9 9]
[14 -4]

C: 

[138 -146]
[-291 224]

Result: : 


: 

[-243 146 642 35]
[351 -16 -561 53]
[-84 -20 138 -146]
[353 240 -291 224]

: 


Matrices A, B: : 


: 

[-14 10 -11 2 7 -21]
[30 5 33 -34 12 35]
[25 4 21 26 -26 -6]
[16 36 -7 0 13 -11]
[-17 17 3 -3 -34 -6]
[2 -1 -10 9 -14 14]

: 

[-9 2 -16 0 -32 -9]
[-21 -6 10 -12 10 18]
[-9 1 9 35 -21 34]
[2 28 -5 30 -1 -29]
[-1 20 -1 27 -29 -1]
[-6 -36 -25 -16 -7 -33]

Matrices A, B: : 


: 

[-14 10 -11 2 7 -21]
[30 5 33 -34 12 35]
[25 4 21 26 -26 -6]
[16 36 -7 0 13 -11]
[-17 17 3 -3 -34 -6]
[2 -1 -10 9 -14 14]

: 

[-9 2 -16 0 -32 -9]
[-21 -6 10 -12 10 18]
[-9 1 9 35 -21 34]
[2 28 -5 30 -1 -29]
[-1 20 -1 27 -29 -1]
[-6 -36 -25 -16 -7 -33]

Matrices A, B: : 


: 

[-14 10 -11 2 7 -21]
[30 5 33 -34 12 35]
[25 4 21 26 -26 -6]
[16 36 -7 0 13 -11]
[-17 17 3 -3 -34 -6]
[2 -1 -10 9 -14 14]

: 

[-9 2 -16 0 -32 -9]
[-21 -6 10 -12 10 18]
[-9 1 9 35 -21 34]
[2 28 -5 30 -1 -29]
[-1 20 -1 27 -29 -1]
[-6 -36 -25 -16 -7 -33]

Matrices A, B: : 


: 

[-14 10 -11 2 7 -21]
[30 5 33 -34 12 35]
[25 4 21 26 -26 -6]
[16 36 -7 0 13 -11]
[-17 17 3 -3 -34 -6]
[2 -1 -10 9 -14 14]

: 

[-9 2 -16 0 -32 -9]
[-21 -6 10 -12 10 18]
[-9 1 9 35 -21 34]
[2 28 -5 30 -1 -29]
[-1 20 -1 27 -29 -1]
[-6 -36 -25 -16 -7 -33]

Matrices A, B: : 


: 

[-14 10 -11 2 7 -21]
[30 5 33 -34 12 35]
[25 4 21 26 -26 -6]
[16 36 -7 0 13 -11]
[-17 17 3 -3 -34 -6]
[2 -1 -10 9 -14 14]

: 

[-9 2 -16 0 -32 -9]
[-21 -6 10 -12 10 18]
[-9 1 9 35 -21 34]
[2 28 -5 30 -1 -29]
[-1 20 -1 27 -29 -1]
[-6 -36 -25 -16 -7 -33]

Matrices A, B: : 


: 

[-14 10 -11 2 7 -21]
[30 5 33 -34 12 35]
[25 4 21 26 -26 -6]
[16 36 -7 0 13 -11]
[-17 17 3 -3 -34 -6]
[2 -1 -10 9 -14 14]

: 

[-9 2 -16 0 -32 -9]
[-21 -6 10 -12 10 18]
[-9 1 9 35 -21 34]
[2 28 -5 30 -1 -29]
[-1 20 -1 27 -29 -1]
[-6 -36 -25 -16 -7 -33]

Matrices A, B: : 


: 

[-14 10 -11 2 7 -21]
[30 5 33 -34 12 35]
[25 4 21 26 -26 -6]
[16 36 -7 0 13 -11]
[-17 17 3 -3 -34 -6]
[2 -1 -10 9 -14 14]

: 

[-9 2 -16 0 -32 -9]
[-21 -6 10 -12 10 18]
[-9 1 9 35 -21 34]
[2 28 -5 30 -1 -29]
[-1 20 -1 27 -29 -1]
[-6 -36 -25 -16 -7 -33]

 Shifting step: 2

A: 

[-3 3]
[-14 9]

B: 

[-1 -1]
[-21 -29]

C: 

[-1401 -729]
[-473 -3713]

 Shifting step: 5

A: 

[-3 3]
[-14 9]

B: 

[-1 -1]
[-1 -1]

C: 

[-1401 -729]
[-473 -3713]

 Shifting step: 6

A: 

[3 3]
[9 9]

B: 

[-21 -29]
[-1 -1]

C: 

[-1473 -825]
[-689 -4001]

 Shifting step: 0

A: 

[3 3]
[9 9]

B: 

[-1 -1]
[-1 -1]

C: 

[-1542 -918]
[-1076 -4532]

 Shifting step: 4

A: 

[3 3]
[9 9]

B: 

[-1 -1]
[-21 -29]

C: 

[-1542 -918]
[-1076 -4532]

 Shifting step: 1

A: 

[3 3]
[9 9]

B: 

[-21 -29]
[-1 -1]

C: 

[-1542 -918]
[-1076 -4532]

 Shifting step: 3

A: 

[3 3]

 Shifting step: 8
[9 9]

A: 


B: 

[3 3]

 Shifting step: 7
[-1 -1]
[9 9]
[-21 -29]

C: 


B: 

[-1542 -918]
[-21 -29]
[-1076 -4532]
[-1 -1]

A: 


C: 

[3 3]
[9 9]

B: 

[-1 -1]
[-21 -29]

C: 

[-1542 -918]
[-1076 -4532]
[-1542 -918]
[-1076 -4532]

Result: : 


: 

[-1542 -918 -1542 -918 -1410 -738]
[-1076 -4532 -1076 -4532 -680 -3992]
[-1542 -918 -1542 -918 -1410 -738]
[-1076 -4532 -1076 -4532 -680 -3992]
[-1539 -915 -1542 -918 -1542 -918]
[-887 -4271 -1076 -4532 -1076 -4532]

: 


Matrices A, B: : 


: 

[-14 10 -11 2 7 -21]
[30 5 33 -34 12 35]
[25 4 21 26 -26 -6]
[16 36 -7 0 13 -11]
[-17 17 3 -3 -34 -6]
[2 -1 -10 9 -14 14]

: 

[-9 2 -16 0 -32 -9]
[-21 -6 10 -12 10 18]
[-9 1 9 35 -21 34]
[2 28 -5 30 -1 -29]
[-1 20 -1 27 -29 -1]
[-6 -36 -25 -16 -7 -33]

 Shifting step: 5

A: 

[3 3]
[9 9]

B: 

[-1 -1]
[-1 -1]

C: 

[-480 264]
[275 -577]

 Shifting step: 2

A: 

[3 3]
[9 9]

B: 

[-1 -1]
[-1 -1]

C: 

[-486 258]
[257 -595]

 Shifting step: 4

A: 

[3 -3]
[9 -14]

B: 

[-1 -1]
[-1 -1]

C: 

[-492 258]
[239 -590]

 Shifting step: 6

A: 

[3 3]
[9 9]

B: 

[-1 -1]
[-1 -1]

C: 

[-498 258]
[221 -585]

 Shifting step: 8

A: 

[3 3]
[9 9]

B: 

[-1 -1]
[-1 -1]

C: 

[-501 255]
[212 -594]

 Shifting step: 1

A: 

[3 -3]
[9 -14]

B: 

[-1 -1]
[-1 -1]

C: 

[-507 255]
[194 -589]

 Shifting step: 0

A: 

[3 -3]
[9 -14]

B: 

[-1 -1]
[-1 -1]

C: 

[-510 258]
[185 -575]

 Shifting step: 3

A: 

[3 -3]
[9 -14]

B: 

[-1 -1]
[-1 -1]

C: 

[-513 261]
[176 -561]

 Shifting step: 7

A: 

[3 -3]
[9 -14]

B: 

[-1 -1]
[-1 -1]

C: 

[-516 264]
[167 -547]

Result: : 


: 

[-516 264 -516 264 -492 258]
[167 -547 167 -547 239 -590]
[-516 264 -516 264 -492 258]
[167 -547 167 -547 239 -590]
[-516 264 -516 264 -516 264]
[167 -547 167 -547 167 -547]

: 


Matrices A, B: : 


: 

[-14 10 -11 2 7 -21]
[30 5 33 -34 12 35]
[25 4 21 26 -26 -6]
[16 36 -7 0 13 -11]
[-17 17 3 -3 -34 -6]
[2 -1 -10 9 -14 14]

: 

[-9 2 -16 0 -32 -9]
[-21 -6 10 -12 10 18]
[-9 1 9 35 -21 34]
[2 28 -5 30 -1 -29]
[-1 20 -1 27 -29 -1]
[-6 -36 -25 -16 -7 -33]

 Shifting step: 4

A: 

[3 3]
[9 9]

B: 

[-21 -29]
[-21 -29]

C: 

[-2331 -2175]
[-5913 -8007]

 Shifting step: 2

A: 

[3 3]
[9 9]

B: 

[-21 -29]
[-21 -29]

C: 

[-2646 -2610]
[-6858 -9312]

 Shifting step: 1

A: 

[3 3]
[9 9]

B: 

[-21 -29]
[-21 -29]

C: 

[-2772 -2784]
[-7236 -9834]

 Shifting step: 6

A: 

[3 3]
[9 9]

B: 

[-21 -29]
[-21 -29]

C: 

[-2961 -3045]
[-7803 -10617]

 Shifting step: 3

A: 

[3 3]
[9 9]

B: 

[-21 -29]
[-21 -29]

C: 

[-3087 -3219]
[-8181 -11139]

 Shifting step: 0

A: 

[3 3]
[9 9]

B: 

[-21 -29]
[-21 -29]

C: 

[-3150 -3306]
[-8370 -11400]

 Shifting step: 8

A: 

[3 3]
[9 9]

B: 

[-21 -29]
[-21 -29]

C: 

[-3276 -3480]
[-8748 -11922]

 Shifting step: 5

A: 

[3 3]
[9 9]

B: 

[-21 -29]
[-21 -29]

C: 

[-3339 -3567]
[-8937 -12183]

 Shifting step: 7

A: 

[3 3]
[9 9]

B: 

[-21 -29]
[-21 -29]

C: 

[-3402 -3654]
[-9126 -12444]

Result: : 


: 

[-3339 -3567 -3339 -3567 -3339 -3567]
[-8937 -12183 -8937 -12183 -8937 -12183]
[-3339 -3567 -3339 -3567 -3339 -3567]
[-8937 -12183 -8937 -12183 -8937 -12183]
[-3339 -3567 -3402 -3654 -3339 -3567]
[-8937 -12183 -9126 -12444 -8937 -12183]

: 


Matrices A, B: : 


: 

[-14 10 -11 2 7 -21]
[30 5 33 -34 12 35]
[25 4 21 26 -26 -6]
[16 36 -7 0 13 -11]
[-17 17 3 -3 -34 -6]
[2 -1 -10 9 -14 14]

: 

[-9 2 -16 0 -32 -9]
[-21 -6 10 -12 10 18]
[-9 1 9 35 -21 34]
[2 28 -5 30 -1 -29]
[-1 20 -1 27 -29 -1]
[-6 -36 -25 -16 -7 -33]

 Shifting step: 0

A: 

[3 3]
[9 9]

B: 

[-21 -29]
[-21 -29]

C: 

[-2394 261]
[-6102 -6528]

 Shifting step: 1

A: 

[3 3]
[9 9]

B: 

[-21 -29]
[-21 -29]

C: 

[-2646 -87]
[-6858 -7572]

 Shifting step: 3

A: 

[3 3]
[9 9]

B: 

[-21 -29]
[-21 -29]

C: 

[-2709 -174]
[-7047 -7833]

 Shifting step: 8

A: 

[3 3]
[9 9]

B: 

[-21 -29]
[-21 -29]

C: 

[-2898 -435]
[-7614 -8616]

 Shifting step: 5

A: 

[3 3]
[9 9]

B: 

[-21 -29]
[-21 -29]

C: 

[-3024 -609]
[-7992 -9138]

 Shifting step: 2

A: 

[3 3]
[9 9]

B: 

[-21 -29]
[-21 -29]

C: 

[-3087 -696]
[-8181 -9399]

 Shifting step: 7

A: 

[3 3]
[9 9]

B: 

[-21 -29]
[-21 -29]

C: 

[-3213 -870]
[-8559 -9921]

 Shifting step: 4

A: 

[3 3]
[9 9]

B: 

[-21 -29]
[-21 -29]

C: 

[-3276 -957]
[-8748 -10182]

 Shifting step: 6

A: 

[3 3]
[9 9]

B: 

[-21 -29]
[-21 -29]

C: 

[-3339 -1044]
[-8937 -10443]

Result: : 


: 

[-2709 -174 -2709 -174 -3276 -957]
[-7047 -7833 -7047 -7833 -8748 -10182]
[-2709 -174 -3276 -957 -3276 -957]
[-7047 -7833 -8748 -10182 -8748 -10182]
[-3339 -1044 -3276 -957 -3276 -957]
[-8937 -10443 -8748 -10182 -8748 -10182]

: 


Matrices A, B: : 


: 

[-14 10 -11 2 7 -21]
[30 5 33 -34 12 35]
[25 4 21 26 -26 -6]
[16 36 -7 0 13 -11]
[-17 17 3 -3 -34 -6]
[2 -1 -10 9 -14 14]

: 

[-9 2 -16 0 -32 -9]
[-21 -6 10 -12 10 18]
[-9 1 9 35 -21 34]
[2 28 -5 30 -1 -29]
[-1 20 -1 27 -29 -1]
[-6 -36 -25 -16 -7 -33]

 Shifting step: 3

A: 

[-26 -26]
[-11 -11]

B: 

[10 34]
[-16 -12]

C: 

[2283 2658]
[-386 -1252]

 Shifting step: 8

 Shifting step: 5

A: 

[17 -34]
[-10 14]

B: 

[-16 -12]
[-1 -16]

C: 

[2167 3100]
[-200 -1356]

 Shifting step: 4

A: 

[-34 -26]
[14 -11]

B: 

[-1 -16]
[-1 -16]

C: 

[2201 3516]
[-214 -1180]

 Shifting step: 0

A: 

[-26 4]
[-11 -7]

B: 

[-32 18]
[-21 -29]

C: 

[3059 4004]
[369 -1175]

 Shifting step: 2

A: 

[4 -26]
[-7 -11]

B: 

[-21 -29]
[-6 2]

C: 

[2975 4758]
[411 -1197]

 Shifting step: 6

A: 

[-26 4]
[-11 -7]

B: 

[-6 2]
[-1 -16]

C: 

[3131 4766]
[422 -1085]

 Shifting step: 7

A: 

[-26 4]
[-11 -7]

B: 

[-6 2]
[-1 -1]

C: 

[3131 4766]
[422 -1085]

A: 

[-26 4]
[-11 -7]

 Shifting step: 1

B: 


A: 

[-1 -1]
[-26 4]
[-6 2]
[-11 -7]

C: 


B: 

[3131 4766]
[-1 -1]
[422 -1085]
[-1 -16]

C: 

[3131 4766]
[422 -1085]

Result: : 


: 

[3059 4004 3131 4766 2975 4758]
[369 -1175 422 -1085 411 -1197]
[2283 2658 2201 3516 2167 3100]
[-386 -1252 -214 -1180 -200 -1356]
[3131 4766 3131 4766 3131 4766]
[422 -1085 422 -1085 422 -1085]

: 


Matrices A, B: : 


: 

[-14 10 -11 2 7 -21]
[30 5 33 -34 12 35]
[25 4 21 26 -26 -6]
[16 36 -7 0 13 -11]
[-17 17 3 -3 -34 -6]
[2 -1 -10 9 -14 14]

: 

[-9 2 -16 0 -32 -9]
[-21 -6 10 -12 10 18]
[-9 1 9 35 -21 34]
[2 28 -5 30 -1 -29]
[-1 20 -1 27 -29 -1]
[-6 -36 -25 -16 -7 -33]

 Shifting step: 3

A: 

[7 4]
[35 -7]

B: 

[-25 0]
[-16 -12]

C: 

[1468 741]
[-56 -2430]

 Shifting step: 1

A: 

[4 -11]
[-7 -34]

B: 

[-1 -1]
[-29 -33]

C: 

[1444 719]
[91 -1444]

 Shifting step: 8

A: 

[4 -11]
[-7 -34]

B: 

[-29 -33]
[-1 -1]

C: 

[1444 719]
[91 -1444]

 Shifting step: 7

A: 

[4 -11]
[-7 -34]

B: 

[-16 -12]
[-6 2]

C: 

[1444 719]
[91 -1444]

 Shifting step: 0

A: 

[4 -11]
[-7 -34]

B: 

[10 34]
[-21 -29]

C: 

[1444 719]
[91 -1444]

 Shifting step: 5

A: 

[4 -11]
[-7 -34]

B: 

[-1 -1]
[-9 28]

C: 

[1444 719]
[91 -1444]

 Shifting step: 4

A: 

[4 -11]
[-7 -34]

B: 

[-9 28]
[-1 -1]

C: 

[1444 719]
[91 -1444]

 Shifting step: 6

A: 

[4 -11]
[-7 -34]

B: 

[-1 -1]
[-6 2]

C: 

[1444 719]
[91 -1444]

 Shifting step: 2

A: 

[4 -11]
[-7 -34]

B: 

[-6 2]
[-21 -29]

C: 

[1444 719]
[91 -1444]

Result: : 


: 

[1444 719 1444 719 1444 719]
[91 -1444 91 -1444 91 -1444]
[1444 719 1444 719 1444 719]
[91 -1444 91 -1444 91 -1444]
[1444 719 1444 719 1444 719]
[91 -1444 91 -1444 91 -1444]

: 


Matrices A, B: : 


: 

[15 -11 -12 12]
[-15 -2 15 -15]
[12 14 -12 -6]
[-1 -8 16 -13]

: 

[0 15 14 9]
[-3 -7 -12 -4]
[10 10 -16 15]
[-13 -3 9 3]

 Shifting step: 0

A: 

[14 14]
[16 16]

B: 

[-12 15]
[-16 3]

C: 


 Shifting step: 3
[232 382]

A: 


 Shifting step: 1
[-600 -334]

 Shifting step: 2
[-12 -12]

A: 

[-12 -12]
[-13 -15]

B: 

[14 -4]
[-16 3]

C: 


A: 

[620 394]
[-444 -559]
[-13 -15]
[-12 -12]

B: 

[-13 -15]
[10 -3]

B: 

[14 -4]

C: 

[620 394]
[-444 -559]
[-16 3]
[-12 15]

C: 

[620 394]
[-444 -559]

Result: : 


: 

[620 394 620 394]
[-444 -559 -444 -559]
[620 394 620 394]
[-444 -559 -444 -559]

: 


Matrices A, B: : 


: 

[-14 10 -11 2 7 -21]
[30 5 33 -34 12 35]
[25 4 21 26 -26 -6]
[16 36 -7 0 13 -11]
[-17 17 3 -3 -34 -6]
[2 -1 -10 9 -14 14]

: 

[-9 2 -16 0 -32 -9]
[-21 -6 10 -12 10 18]
[-9 1 9 35 -21 34]
[2 28 -5 30 -1 -29]
[-1 20 -1 27 -29 -1]
[-6 -36 -25 -16 -7 -33]

 Shifting step: 3

A: 

[-34 -11]
[14 -34]

B: 

[-25 0]
[-16 -12]

C: 

[1869 860]
[201 -806]

 Shifting step: 1

A: 

[-26 7]
[-11 35]

B: 

[-1 -1]
[-29 -33]

C: 

[1633 846]
[223 -2347]

 Shifting step: 8

A: 

[-11 4]
[-34 -7]

B: 

[-29 -33]
[-1 -1]

C: 

[1552 1173]
[47 -2408]

 Shifting step: 7

A: 

[-11 4]
[-34 -7]

B: 

[-16 -12]
[-6 2]

C: 

[1552 1173]
[47 -2408]

 Shifting step: 5

A: 

[-11 4]
[-34 -7]

B: 

[-1 -1]
[-9 28]

C: 

[1552 1173]
[47 -2408]

 Shifting step: 4

 Shifting step: 6

A: 

[-11 4]
[-34 -7]

B: 

[-6 2]
[-1 -1]

C: 

[1552 1173]
[47 -2408]

A: 

[-11 4]
[-34 -7]

B: 

[-9 28]
[-1 -1]

C: 

[1552 1173]
[47 -2408]

 Shifting step: 0

A: 

[-11 4]
[-34 -7]

B: 

[10 34]
[-21 -29]

C: 

[1552 1173]
[47 -2408]

 Shifting step: 2

A: 

[-11 4]
[-34 -7]

B: 

[-21 -29]
[-6 2]

C: 

[1552 1173]
[47 -2408]

Result: : 


: 

[1552 1173 1486 1165 1552 1173]
[47 -2408 13 -2415 47 -2408]
[1869 860 1552 1173 1552 1173]
[201 -806 47 -2408 47 -2408]
[1552 1173 1552 1173 1552 1173]
[47 -2408 47 -2408 47 -2408]

: 


Matrices A, B: : 


: 

[-14 10 -11 2 7 -21]
[30 5 33 -34 12 35]
[25 4 21 26 -26 -6]
[16 36 -7 0 13 -11]
[-17 17 3 -3 -34 -6]
[2 -1 -10 9 -14 14]

: 

[-9 2 -16 0 -32 -9]
[-21 -6 10 -12 10 18]
[-9 1 9 35 -21 34]
[2 28 -5 30 -1 -29]
[-1 20 -1 27 -29 -1]
[-6 -36 -25 -16 -7 -33]

Matrices A, B: : 


: 

[-14 10 -11 2 7 -21]
[30 5 33 -34 12 35]
[25 4 21 26 -26 -6]
[16 36 -7 0 13 -11]
[-17 17 3 -3 -34 -6]
[2 -1 -10 9 -14 14]

: 

[-9 2 -16 0 -32 -9]
[-21 -6 10 -12 10 18]
[-9 1 9 35 -21 34]
[2 28 -5 30 -1 -29]
[-1 20 -1 27 -29 -1]
[-6 -36 -25 -16 -7 -33]

 Shifting step: 3

A: 

[-6 21]
[16 0]

B: 

[-25 0]
[-16 -12]

C: 

[-660 645]
[-550 363]

 Shifting step: 1

A: 

[-6 21]
[0 -7]

B: 

[-1 -1]
[-9 28]

C: 

[-849 757]
[-550 370]

 Shifting step: 8

A: 

[4 4]
[-7 -7]

B: 

[-9 28]
[-1 -1]

C: 

[-1234 -50]
[-208 -568]

 Shifting step: 7

A: 

[4 4]
[-7 -7]

B: 

[-16 -12]
[-6 2]

C: 

[-1234 -50]
[-208 -568]

 Shifting step: 5

A: 

[4 4]
[-7 -7]

B: 

[-1 -1]
[-9 28]

C: 

[-1234 -50]
[-208 -568]

 Shifting step: 0

A: 

[4 4]
[-7 -7]

B: 

[10 34]
[-21 -29]

C: 

[-1234 -50]
[-208 -568]

 Shifting step: 4

A: 


 Shifting step: 6
[4 4]

A: 

[-7 -7]

 Shifting step: 2

B: 

[4 4]

A: 

[4 4]
[-7 -7]

B: 

[-1 -1]
[-6 2]

C: 

[-1234 -50]
[-208 -568]
[-21 -29]
[-1 -1]

C: 

[-1234 -50]
[-208 -568]
[-7 -7]

B: 

[-6 2]
[-9 28]

C: 

[-1234 -50]
[-208 -568]

Result: : 


: 

[-1234 -50 -452 569 -1234 -50]
[-208 -568 -432 16 -208 -568]
[-849 757 -1234 -50 -1234 -50]
[-550 370 -208 -568 -208 -568]
[-1234 -50 -1234 -50 -1234 -50]
[-208 -568 -208 -568 -208 -568]

: 


Matrices A, B: : 


: 

[-14 10 -11 2 7 -21]
[30 5 33 -34 12 35]
[25 4 21 26 -26 -6]
[16 36 -7 0 13 -11]
[-17 17 3 -3 -34 -6]
[2 -1 -10 9 -14 14]

: 

[-9 2 -16 0 -32 -9]
[-21 -6 10 -12 10 18]
[-9 1 9 35 -21 34]
[2 28 -5 30 -1 -29]
[-1 20 -1 27 -29 -1]
[-6 -36 -25 -16 -7 -33]

 Shifting step: 3

A: 

[-6 -26]
[2 -11]

B: 

[-25 0]
[-16 -12]

C: 

[450 1505]
[-1912 2387]

 Shifting step: 5

A: 

[4 7]
[-7 35]

B: 

[-1 -1]
[-9 28]

 Shifting step: 7

C: 


 Shifting step: 1

A: 

[506 -685]

A: 

[4 7]
[-2290 -674]
[4 7]
[-7 35]
[-7 35]

B: 


 Shifting step: 8
[-16 -12]

B: 


 Shifting step: 0

 Shifting step: 2

 Shifting step: 6
[-6 2]

C: 

[506 -685]
[-2290 -674]

A: 

[-1 -1]

A: 

[-29 -33]

 Shifting step: 4
[4 7]

A: 

[4 7]
[-7 35]

B: 


C: 

[-9 28]
[4 7]
[-7 35]

A: 

[4 7]
[-7 35]

B: 

[-16 -12]
[-9 28]

C: 

[506 -685]
[-2290 -674]
[-7 35]

B: 

[-6 2]
[-16 -12]

C: 

[506 -685]
[-2290 -674]
[506 -685]
[-29 -33]

B: 

[10 34]

C: 

[-2290 -674]

A: 

[4 7]
[-7 35]

B: 

[-21 -29]
[-9 28]

C: 

[506 -685]
[-2290 -674]
[506 -685]
[-21 -29]
[-2290 -674]

C: 

[506 -685]
[-2290 -674]

Result: : 


: 

[506 -685 506 -685 506 -685]
[-2290 -674 -2290 -674 -2290 -674]
[610 837 506 -685 506 -685]
[-2290 1100 -2290 -674 -2290 -674]
[506 -685 506 -685 506 -685]
[-2290 -674 -2290 -674 -2290 -674]

: 


Matrices A, B: : 


: 

[-14 10 -11 2 7 -21]
[30 5 33 -34 12 35]
[25 4 21 26 -26 -6]
[16 36 -7 0 13 -11]
[-17 17 3 -3 -34 -6]
[2 -1 -10 9 -14 14]

: 

[-9 2 -16 0 -32 -9]
[-21 -6 10 -12 10 18]
[-9 1 9 35 -21 34]
[2 28 -5 30 -1 -29]
[-1 20 -1 27 -29 -1]
[-6 -36 -25 -16 -7 -33]

 Shifting step: 3

A: 

[-6 -6]
[2 2]

B: 

[-6 2]
[-16 -12]

C: 

[-614 -1176]
[-188 -122]

 Shifting step: 1

A: 

[-6 -6]
[2 2]

B: 

[-1 -1]
[-9 28]

C: 

[-614 -1176]
[-188 -122]

 Shifting step: 8

A: 

[21 -6]
[0 2]

B: 

[-9 28]
[-1 -1]

C: 

[-907 454]
[-426 -676]

 Shifting step: 0

A: 

[21 -6]
[0 2]

B: 

[-1 -36]
[-16 -12]

C: 

[-907 454]
[-426 -676]

 Shifting step: 7

A: 

[21 -6]
[0 2]

B: 

[-16 -12]
[-6 2]

C: 


 Shifting step: 6

 Shifting step: 4

 Shifting step: 5

A: 

[21 -6]
[0 2]

B: 

[10 35]
[-9 28]

C: 

[-907 454]
[-426 -676]

A: 


A: 

[-907 454]
[-426 -676]
[21 -6]
[21 -6]

 Shifting step: 2
[0 2]
[0 2]

B: 

[-1 -1]
[-16 -12]

C: 

[-907 454]
[-426 -676]

A: 

[21 -6]
[0 2]

B: 

[-9 28]
[-1 -1]

C: 

[-907 454]
[-426 -676]

B: 

[-6 2]
[-1 -1]

C: 

[-907 454]
[-426 -676]

Result: : 


: 

[-907 454 -560 -588 -907 454]
[-426 -676 -190 -122 -426 -676]
[-787 -842 -907 454 -907 454]
[-446 -650 -426 -676 -426 -676]
[-907 454 -907 454 -907 454]
[-426 -676 -426 -676 -426 -676]

: 


Matrices A, B: : 


: 

[-14 10 -11 2 7 -21]
[30 5 33 -34 12 35]
[25 4 21 26 -26 -6]
[16 36 -7 0 13 -11]
[-17 17 3 -3 -34 -6]
[2 -1 -10 9 -14 14]

: 

[-9 2 -16 0 -32 -9]
[-21 -6 10 -12 10 18]
[-9 1 9 35 -21 34]
[2 28 -5 30 -1 -29]
[-1 20 -1 27 -29 -1]
[-6 -36 -25 -16 -7 -33]

Matrices A, B: : 


: 

[-14 10 -11 2 7 -21]
[30 5 33 -34 12 35]
[25 4 21 26 -26 -6]
[16 36 -7 0 13 -11]
[-17 17 3 -3 -34 -6]
[2 -1 -10 9 -14 14]

: 

[-9 2 -16 0 -32 -9]
[-21 -6 10 -12 10 18]
[-9 1 9 35 -21 34]
[2 28 -5 30 -1 -29]
[-1 20 -1 27 -29 -1]
[-6 -36 -25 -16 -7 -33]

 Shifting step: 3

 Shifting step: 1

A: 


A: 

[4 7]
[-7 35]

B: 

[4 7]
[-1 -1]
[-7 35]
[-29 -33]

B: 


C: 

[-25 0]

 Shifting step: 8
[1072 1446]

A: 

[-2290 974]
[4 7]
[-7 35]

B: 

[-29 -33]
[-1 -1]

C: 

[1072 1446]
[-2290 974]
[-16 -12]

C: 

[616 1515]
[-1954 -338]

 Shifting step: 7

A: 

[7 4]
[35 -7]

B: 

[-16 -12]
[-6 2]

C: 

[616 1515]
[-1954 -338]

 Shifting step: 5

A: 

[7 4]
[35 -7]

B: 

[-1 -1]
[-9 28]

C: 

[616 1515]
[-1954 -338]

 Shifting step: 4

A: 

[7 4]
[35 -7]

B: 

[-9 28]
[-1 -1]

C: 

[616 1515]
[-1954 -338]

 Shifting step: 6

 Shifting step: 2

A: 

[7 4]
[35 -7]

B: 

[-21 -29]
[-6 2]

C: 

[616 1515]
[-1954 -338]

A: 

[7 4]
[35 -7]

B: 

[-6 2]
[-1 -1]

C: 

[616 1515]
[-1954 -338]

 Shifting step: 0

A: 

[7 4]
[35 -7]

B: 

[10 34]
[-21 -29]

C: 

[616 1515]
[-1954 -338]

Result: : 


: 

[616 1515 1072 1446 616 1515]
[-1954 -338 -2290 974 -1954 -338]
[616 1515 616 1515 616 1515]
[-1954 -338 -1954 -338 -1954 -338]
[616 1515 616 1515 616 1515]
[-1954 -338 -1954 -338 -1954 -338]

: 


Matrices A, B: : 


: 

[-14 10 -11 2 7 -21]
[30 5 33 -34 12 35]
[25 4 21 26 -26 -6]
[16 36 -7 0 13 -11]
[-17 17 3 -3 -34 -6]
[2 -1 -10 9 -14 14]

: 

[-9 2 -16 0 -32 -9]
[-21 -6 10 -12 10 18]
[-9 1 9 35 -21 34]
[2 28 -5 30 -1 -29]
[-1 20 -1 27 -29 -1]
[-6 -36 -25 -16 -7 -33]

 Shifting step: 3

 Shifting step: 1

A: 


A: 


 Shifting step: 8
[7 4]
[-34 -11]

A: 

[14 -34]
[14 -34]
[-34 -11]

B: 


B: 

[14 -34]
[-25 0]
[-1 -1]

B: 

[-16 -12]
[-29 -33]
[-29 -33]

C: 


 Shifting step: 7

C: 

[-1 -1]
[1869 860]
[1869 860]

C: 


A: 

[201 -806]
[201 -806]
[1869 860]
[-34 -11]
[201 -806]
[14 -34]

B: 

[-16 -12]

 Shifting step: 5

 Shifting step: 0
[-6 2]

C: 

[1475 719]
[451 -2347]

A: 

[7 -11]
[35 -34]

B: 

[-1 -1]
[-9 28]

C: 

[1486 715]
[757 -2543]

 Shifting step: 6

A: 


A: 


 Shifting step: 4
[4 4]
[4 4]
[-7 -7]

B: 

[10 34]
[-21 -29]

C: 

[1450 827]
[799 -2557]

 Shifting step: 2

A: 

[4 4]
[-7 -7]

B: 

[-9 28]
[-6 2]

C: 

[1450 827]
[799 -2557]

A: 

[-7 -7]
[4 4]
[-7 -7]

B: 

[-21 -29]
[-1 -1]

C: 

[1450 827]
[799 -2557]

B: 

[-1 -1]
[-9 28]

C: 

[1450 827]
[799 -2557]

Result: : 


: 

[1450 827 1486 715 1450 827]
[799 -2557 757 -2543 799 -2557]
[1869 860 1450 827 1486 715]
[201 -806 799 -2557 757 -2543]
[1450 827 1475 719 1918 890]
[799 -2557 451 -2347 325 -992]

: 


Matrices A, B: : 


: 

[-14 10 -11 2 7 -21]
[30 5 33 -34 12 35]
[25 4 21 26 -26 -6]
[16 36 -7 0 13 -11]
[-17 17 3 -3 -34 -6]
[2 -1 -10 9 -14 14]

: 

[-9 2 -16 0 -32 -9]
[-21 -6 10 -12 10 18]
[-9 1 9 35 -21 34]
[2 28 -5 30 -1 -29]
[-1 20 -1 27 -29 -1]
[-6 -36 -25 -16 -7 -33]

 Shifting step: 8

A: 

[-11 7]
[-34 35]

B: 

[-9 28]
[-25 0]

C: 

[471 -550]
[97 -805]

 Shifting step: 1

A: 

[7 -26]
[35 -11]

B: 

[-29 -33]
[10 34]

C: 

[366 -47]
[-2602 -411]

 Shifting step: 0

A: 

[7 -26]
[35 -11]

B: 

[-21 -29]
[10 34]

C: 

[366 -47]
[-2602 -411]

 Shifting step: 7

A: 

[7 -26]
[35 -11]

B: 

[10 34]
[-25 0]

C: 

[366 -47]
[-2602 -411]

 Shifting step: 5

A: 

[7 -26]
[35 -11]

B: 

[-21 -29]
[-1 -1]

C: 

[366 -47]
[-2602 -411]

 Shifting step: 2

 Shifting step: 6

A: 

[7 -26]
[35 -11]

B: 

[-25 0]
[10 34]

C: 

[366 -47]
[-2602 -411]

A: 

[7 -26]

 Shifting step: 4

 Shifting step: 3

A: 

[7 -26]
[35 -11]

B: 

[-1 -1]
[-1 -1]

C: 

[366 -47]
[-2602 -411]

A: 

[35 -11]
[7 -26]
[35 -11]

B: 

[10 34]
[-1 -1]

C: 

[366 -47]
[-2602 -411]

B: 

[-1 -1]
[-25 0]

C: 

[366 -47]
[-2602 -411]

Result: : 


: 

[366 -47 366 -47 366 -47]
[-2602 -411 -2602 -411 -2602 -411]
[366 -47 366 -47 366 -47]
[-2602 -411 -2602 -411 -2602 -411]
[366 -47 366 -47 836 -1280]
[-2602 -411 -2602 -411 -1403 -541]

: 


Matrices A, B: : 


: 

[-14 10 -11 2 7 -21]
[30 5 33 -34 12 35]
[25 4 21 26 -26 -6]
[16 36 -7 0 13 -11]
[-17 17 3 -3 -34 -6]
[2 -1 -10 9 -14 14]

: 

[-9 2 -16 0 -32 -9]
[-21 -6 10 -12 10 18]
[-9 1 9 35 -21 34]
[2 28 -5 30 -1 -29]
[-1 20 -1 27 -29 -1]
[-6 -36 -25 -16 -7 -33]

Matrices A, B: : 


: 

[15 -11 -12 12]
[-15 -2 15 -15]
[12 14 -12 -6]
[-1 -8 16 -13]

: 

[0 15 14 9]
[-3 -7 -12 -4]
[10 10 -16 15]
[-13 -3 9 3]

 Shifting step: 1

A: 

[-11 -12]
[15 -15]

B: 

[-12 15]
[-16 3]

 Shifting step: 0

C: 

[642 35]
[-561 53]

A: 

[12 15]

 Shifting step: 3

A: 

[-6 12]
[-1 -8]

B: 

[9 9]
[14 -4]

C: 

[138 -146]
[-291 224]
[-15 -2]

B: 

[-13 15]
[0 -7]

C: 


 Shifting step: 2
[-243 146]
[351 -16]

A: 

[14 -12]
[16 -13]

B: 

[-3 10]
[10 -3]

C: 

[-84 -20]
[353 240]

Result: : 


: 

[-243 146 642 35]
[351 -16 -561 53]
[-84 -20 138 -146]
[353 240 -291 224]

: 


Matrices A, B: : 


: 

[15 -11 -12 12]
[-15 -2 15 -15]
[12 14 -12 -6]
[-1 -8 16 -13]

: 

[0 15 14 9]
[-3 -7 -12 -4]
[10 10 -16 15]
[-13 -3 9 3]

 Shifting step: 1

A: 

[-11 -12]
[15 -15]

B: 

[-12 15]
[-16 3]

C: 

[642 35]
[-561 53]

 Shifting step: 2

A: 

[14 -12]
[16 -13]

B: 

[-3 10]
[10 -3]

C: 

[-84 -20]
[353 240]

 Shifting step: 0

A: 

[12 15]
[-15 -2]

B: 

[-13 15]
[0 -7]

C: 

[-243 146]
[351 -16]

 Shifting step: 3

A: 

[-6 12]
[-1 -8]

B: 

[9 9]
[14 -4]

C: 

[138 -146]
[-291 224]

Result: : 


: 

[-243 146 642 35]
[351 -16 -561 53]
[-84 -20 138 -146]
[353 240 -291 224]

: 


Matrices A, B: : 


: 

[15 -11 -12 12]
[-15 -2 15 -15]
[12 14 -12 -6]
[-1 -8 16 -13]

: 

[0 15 14 9]
[-3 -7 -12 -4]
[10 10 -16 15]
[-13 -3 9 3]

 Shifting step: 1

A: 

[12 12]
[-8 16]

B: 

[14 -4]
[14 -4]

C: 

[1140 222]
[112 688]

 Shifting step: 0

A: 

[12 12]
[-8 -8]

B: 

[-12 15]
[14 -4]

C: 

[828 582]
[-192 600]

 Shifting step: 2

A: 

[12 12]
[-8 -8]

B: 

[14 -4]
[-12 15]

C: 

[828 582]
[-192 600]

 Shifting step: 3

A: 

[12 12]
[-8 -8]

B: 

[-12 15]
[-12 15]

C: 

[828 582]
[-192 600]

Result: : 


: 

[828 582 972 402]
[-192 600 -80 568]
[828 582 828 582]
[-192 600 -192 600]

: 


Matrices A, B: : 


: 

[15 -11 -12 12]
[-15 -2 15 -15]
[12 14 -12 -6]
[-1 -8 16 -13]

: 

[0 15 14 9]
[-3 -7 -12 -4]
[10 10 -16 15]
[-13 -3 9 3]

 Shifting step: 1

A: 

[14 14]
[16 16]

B: 

[14 -4]
[14 -4]

C: 

[972 402]
[-80 568]

 Shifting step: 0

A: 

[12 12]
[-8 -8]

B: 

[-12 15]
[14 -4]

C: 

[828 582]
[-192 600]

 Shifting step: 3

A: 

[12 12]
[-8 -8]

B: 

[-12 15]

 Shifting step: 2
[-12 15]

A: 


C: 

[12 12]
[828 582]
[-8 -8]
[-192 600]

B: 

[14 -4]
[-12 15]

C: 

[828 582]
[-192 600]

Result: : 


: 

[828 582 972 402]
[-192 600 -80 568]
[828 582 828 582]
[-192 600 -192 600]

: 


Matrices A, B: : 


: 

[15 -11 -12 12]
[-15 -2 15 -15]
[12 14 -12 -6]
[-1 -8 16 -13]

: 

[0 15 14 9]
[-3 -7 -12 -4]
[10 10 -16 15]
[-13 -3 9 3]

 Shifting step: 1

A: 

[12 12]
[-8 -8]

B: 

[14 -4]
[14 -4]

C: 

[776 334]
[416 512]

 Shifting step: 2

 Shifting step: 0

A: 

[14 12]
[16 -8]

B: 

[-12 15]
[14 -4]

C: 

[972 402]
[432 600]

A: 

[12 12]
[-8 -8]

B: 

[14 -4]
[-12 15]

C: 

[1140 354]
[432 600]

 Shifting step: 3

A: 

[12 12]
[-8 -8]

B: 

[14 -4]
[-12 15]

C: 

[1140 354]
[432 600]

Result: : 


: 

[1140 354 776 334]
[432 600 416 512]
[1140 354 1140 354]
[432 600 432 600]

: 


Matrices A, B: : 


: 

[15 -11 -12 12]
[-15 -2 15 -15]
[12 14 -12 -6]
[-1 -8 16 -13]

: 

[0 15 14 9]
[-3 -7 -12 -4]
[10 10 -16 15]
[-13 -3 9 3]

 Shifting step: 0

A: 

[-6 -12]
[-15 16]

B: 

[-12 15]
[0 -7]

C: 

[28 -450]
[-213 303]

 Shifting step: 3

A: 

[14 15]
[16 -2]

B: 

[-16 3]
[14 -4]

 Shifting step: 1

C: 


A: 

[28 -555]
[-421 273]
[14 15]

 Shifting step: 2
[16 -2]

B: 

[14 -4]
[0 -7]

C: 

[28 -555]
[-421 273]

A: 

[14 15]
[16 -2]

B: 

[0 -7]
[-13 15]

C: 

[28 -555]
[-421 273]

Result: : 


: 

[28 -555 28 -555]
[-421 273 -421 273]
[28 -555 28 -555]
[-421 273 -421 273]

: 


Matrices A, B: : 


: 

[15 -11 -12 12]
[-15 -2 15 -15]
[12 14 -12 -6]
[-1 -8 16 -13]

: 

[0 15 14 9]
[-3 -7 -12 -4]
[10 10 -16 15]
[-13 -3 9 3]

 Shifting step: 1

A: 

[14 14]
[16 16]

B: 

[14 -4]
[14 -4]

C: 

[1140 222]
[112 688]

 Shifting step: 2

A: 

[12 12]
[-8 -8]

B: 

[14 -4]
[-12 15]

C: 

[1140 354]
[432 600]

 Shifting step: 0

A: 

[12 12]
[-8 -8]

B: 

[-12 15]
[14 -4]

C: 

[1140 354]
[432 600]

 Shifting step: 3

A: 

[12 12]
[-8 -8]

B: 

[14 -4]
[-12 15]

C: 

[1140 354]
[432 600]

Result: : 


: 

[1140 354 972 402]
[432 600 336 720]
[1140 354 1140 354]
[432 600 432 600]

: 


Matrices A, B: : 


: 

[15 -11 -12 12]
[-15 -2 15 -15]
[12 14 -12 -6]
[-1 -8 16 -13]

: 

[0 15 14 9]
[-3 -7 -12 -4]
[10 10 -16 15]
[-13 -3 9 3]

 Shifting step: 1

A: 

[12 14]
[-8 16]

B: 

[14 -4]
[14 -4]

C: 

[972 440]
[752 416]

 Shifting step: 2

A: 

[12 14]
[-8 16]

B: 

[14 -4]
[14 -4]

C: 

[972 440]
[752 416]

 Shifting step: 0

A: 

[12 14]
[-8 16]

B: 

[14 -4]
[14 -4]

C: 

[972 440]
[752 416]

 Shifting step: 3

A: 

[12 14]
[-8 16]

B: 

[14 -4]
[14 -4]

C: 

[972 440]
[752 416]

Result: : 


: 

[972 440 972 440]
[752 416 752 416]
[972 440 972 440]
[752 416 752 416]

: 


Matrices A, B: : 


: 

[15 -11 -12 12]
[-15 -2 15 -15]
[12 14 -12 -6]
[-1 -8 16 -13]

: 

[0 15 14 9]
[-3 -7 -12 -4]
[10 10 -16 15]
[-13 -3 9 3]

 Shifting step: 0

A: 

[14 12]
[16 -8]

B: 

[-12 15]
[-12 15]

C: 

[156 858]
[48 720]

 Shifting step: 3

A: 

[14 12]
[16 -8]

B: 

[-12 15]
[-12 15]

C: 

[-180 1218]
[-336 480]

 Shifting step: 2

A: 

[14 12]
[16 -8]

B: 

[-12 15]
[-12 15]

C: 

[-348 1398]
[-528 360]

 Shifting step: 1

A: 

[14 12]
[16 -8]

B: 

[-12 15]
[-12 15]

C: 

[-516 1578]
[-720 240]

Result: : 


: 

[156 858 -516 1578]
[48 720 -720 240]
[-348 1398 -180 1218]
[-528 360 -336 480]

: 


Matrices A, B: : 


: 

[15 -11 -12 12]
[-15 -2 15 -15]
[12 14 -12 -6]
[-1 -8 16 -13]

: 

[0 15 14 9]
[-3 -7 -12 -4]
[10 10 -16 15]
[-13 -3 9 3]

Matrices A, B: : 


: 

[15 -11 -12 12]
[-15 -2 15 -15]
[12 14 -12 -6]
[-1 -8 16 -13]

: 

[0 15 14 9]
[-3 -7 -12 -4]
[10 10 -16 15]
[-13 -3 9 3]

 Shifting step: 2

A: 

[14 12]
[16 -8]

B: 

[-12 15]
[-12 15]

C: 

[-168 180]
[-192 -120]

 Shifting step: 1

A: 

[14 12]
[16 -8]

B: 

[-12 15]
[-12 15]

C: 

[-168 180]
[-192 -120]

 Shifting step: 3

A: 

[14 12]
[16 -8]

B: 

[-12 15]
[-12 15]

C: 

[-168 180]
[-192 -120]

 Shifting step: 0

A: 

[14 12]
[16 -8]

B: 

[-12 15]
[-12 15]

C: 

[-168 180]
[-192 -120]

Result: : 


: 

[-168 180 -168 180]
[-192 -120 -192 -120]
[-144 180 -168 180]
[96 -120 -192 -120]

: 


Matrices A, B: : 


: 

[15 -11 -12 12]
[-15 -2 15 -15]
[12 14 -12 -6]
[-1 -8 16 -13]

: 

[0 15 14 9]
[-3 -7 -12 -4]
[10 10 -16 15]
[-13 -3 9 3]

Result: : 


: 

[-144 -180 196 48]
[128 -45 -256 -39]
[192 -36 140 -42]
[156 -225 224 -64]

: 


Matrices A, B: : 


: 

[15 -11 -12 12]
[-15 -2 15 -15]
[12 14 -12 -6]
[-1 -8 16 -13]

: 

[0 15 14 9]
[-3 -7 -12 -4]
[10 10 -16 15]
[-13 -3 9 3]

 Shifting step: 0

A: 

[14 12]
[16 -8]

B: 

[14 -4]
[-12 15]

C: 

[196 -48]
[-192 -120]

 Shifting step: 1

A: 

[14 12]
[16 -8]

B: 

[14 -4]
[-12 15]

C: 

[196 -48]
[-192 -120]

 Shifting step: 3

A: 

[14 12]
[16 -8]

B: 

[14 -4]
[-12 15]

C: 

[196 -48]
[-192 -120]

 Shifting step: 2

A: 

[14 12]
[16 -8]

B: 

[14 -4]
[-12 15]

C: 

[196 -48]
[-192 -120]

Result: : 


: 

[196 -48 196 -48]
[-192 -120 -192 -120]
[196 -48 196 -48]
[-192 -120 -192 -120]

: 


Matrices A, B: : 


: 

[15 -11 -12 12]
[-15 -2 15 -15]
[12 14 -12 -6]
[-1 -8 16 -13]

: 

[0 15 14 9]
[-3 -7 -12 -4]
[10 10 -16 15]
[-13 -3 9 3]

 Shifting step: 1

A: 

[14 12]
[16 -8]

B: 

[14 -4]
[-12 15]

C: 

[636 544]
[-64 296]

 Shifting step: 2

A: 

[14 12]
[16 -8]

B: 

[14 -4]
[-12 15]

C: 

[636 544]
[-64 296]

 Shifting step: 0

A: 

[14 12]
[16 -8]

B: 

[14 -4]
[-12 15]

C: 

[636 544]
[-64 296]

 Shifting step: 3

A: 

[14 12]
[16 -8]

B: 

[14 -4]
[-12 15]

C: 

[636 544]
[-64 296]

Result: : 


: 

[636 544 636 544]
[-64 296 -64 296]
[636 544 636 544]
[-64 296 -64 296]

: 


Matrices A, B: : 


: 

[-14 10 -11 2 7 -21]
[30 5 33 -34 12 35]
[25 4 21 26 -26 -6]
[16 36 -7 0 13 -11]
[-17 17 3 -3 -34 -6]
[2 -1 -10 9 -14 14]

: 

[-9 2 -16 0 -32 -9]
[-21 -6 10 -12 10 18]
[-9 1 9 35 -21 34]
[2 28 -5 30 -1 -29]
[-1 20 -1 27 -29 -1]
[-6 -36 -25 -16 -7 -33]

 Shifting step: 6

A: 

[-3 -3]
[-14 -14]

B: 

[-21 -29]
[-21 -29]

C: 

[1332 1842]
[6191 9830]

 Shifting step: 4

A: 

[-3 -3]
[-14 -14]

B: 

[-21 -29]
[-21 -29]

C: 

[1395 1929]
[6485 10236]

 Shifting step: 3

A: 

[-3 -3]
[-14 -14]

B: 

[-21 -29]
[-21 -29]

C: 

[1521 2103]
[7073 11048]

 Shifting step: 5

A: 

[-3 -3]
[-14 -14]

B: 

[-21 -29]
[-21 -29]

C: 

[1647 2277]
[7661 11860]

 Shifting step: 0

A: 

[-3 -3]
[-14 -14]

B: 

[-21 -29]
[-21 -29]

C: 

[1647 2277]
[7661 11860]

 Shifting step: 2

A: 

[-3 -3]
[-14 -14]

B: 

[-21 -29]
[-21 -29]

C: 

[1836 2538]
[8543 13078]

 Shifting step: 7

A: 

[-3 -3]
[-14 -14]

B: 

[-21 -29]
[-21 -29]

C: 

[1836 2538]
[8543 13078]

 Shifting step: 1

A: 

[-3 -3]
[-14 -14]

B: 

[-21 -29]
[-21 -29]

C: 

[1836 2538]
[8543 13078]

 Shifting step: 8

A: 

[-3 -3]
[-14 -14]

B: 

[-21 -29]
[-21 -29]

C: 

[1836 2538]
[8543 13078]

Result: : 


: 

[1647 2277 1836 2538 1836 2538]
[7661 11860 8543 13078 8543 13078]
[1521 2103 1458 2016 1647 2277]
[7073 11048 6779 10642 7661 11860]
[1395 1929 1836 2538 1836 2538]
[6485 10236 8543 13078 8543 13078]

: 


Matrices A, B: : 


: 

[-14 10 -11 2 7 -21]
[30 5 33 -34 12 35]
[25 4 21 26 -26 -6]
[16 36 -7 0 13 -11]
[-17 17 3 -3 -34 -6]
[2 -1 -10 9 -14 14]

: 

[-9 2 -16 0 -32 -9]
[-21 -6 10 -12 10 18]
[-9 1 9 35 -21 34]
[2 28 -5 30 -1 -29]
[-1 20 -1 27 -29 -1]
[-6 -36 -25 -16 -7 -33]

 Shifting step: 0

A: 

[3 3]
[9 9]

B: 

[-21 -29]
[-21 -29]

C: 

[1061 1676]
[-4531 -6410]

 Shifting step: 7

A: 

[3 3]
[9 9]

B: 

[-21 -29]
[-21 -29]

C: 

[935 1502]
[-4720 -6671]

 Shifting step: 6

A: 

[3 3]
[9 9]

B: 

[-21 -29]
[-21 -29]

C: 

[872 1415]
[-4909 -6932]

 Shifting step: 5

A: 

[3 3]
[9 9]

B: 

[-21 -29]
[-21 -29]

C: 

[620 1067]
[-5665 -7976]

 Shifting step: 2

A: 

[3 3]
[9 9]

B: 

[-21 -29]
[-21 -29]

C: 

[494 893]
[-6043 -8498]

 Shifting step: 4

A: 

[3 3]
[9 9]

B: 

[-21 -29]
[-21 -29]

C: 

[305 632]
[-6610 -9281]

 Shifting step: 8

A: 

[3 3]
[9 9]

B: 

[-21 -29]
[-21 -29]

C: 

[305 632]
[-6610 -9281]

 Shifting step: 1

A: 

[3 3]
[9 9]

B: 

[-21 -29]
[-21 -29]

C: 

[305 632]
[-6610 -9281]

 Shifting step: 3

A: 

[3 3]
[9 9]

B: 

[-21 -29]
[-21 -29]

C: 

[305 632]
[-6610 -9281]

Result: : 


: 

[935 1502 305 632 305 632]
[-4720 -6671 -6610 -9281 -6610 -9281]
[305 632 305 632 494 893]
[-6610 -9281 -6610 -9281 -6043 -8498]
[872 1415 872 1415 305 632]
[-4909 -6932 -4909 -6932 -6610 -9281]

: 


Matrices A, B: : 


: 

[-14 10 -11 2 7 -21]
[30 5 33 -34 12 35]
[25 4 21 26 -26 -6]
[16 36 -7 0 13 -11]
[-17 17 3 -3 -34 -6]
[2 -1 -10 9 -14 14]

: 

[-9 2 -16 0 -32 -9]
[-21 -6 10 -12 10 18]
[-9 1 9 35 -21 34]
[2 28 -5 30 -1 -29]
[-1 20 -1 27 -29 -1]
[-6 -36 -25 -16 -7 -33]

 Shifting step: 1

A: 

[-17 -17]
[-1 -1]

B: 

[-16 -12]
[-16 -12]

C: 

[7735 5916]
[636 616]

 Shifting step: 8

A: 

[-17 -17]
[-1 -1]

B: 

[-16 -12]
[-16 -12]

C: 

[8007 6120]
[652 628]

 Shifting step: 7

A: 

[-17 -17]
[-1 -1]

B: 

[-16 -12]
[-16 -12]

C: 

[8551 6528]
[684 652]

 Shifting step: 6

A: 

[-17 -17]
[-1 -1]

B: 

[-16 -12]
[-16 -12]

C: 

[9095 6936]
[716 676]

 Shifting step: 4

A: 

[-17 -17]
[-1 -1]

B: 

[-16 -12]
[-16 -12]

C: 

[9095 6936]
[716 676]

 Shifting step: 3

A: 

[-17 -17]
[-1 -1]

B: 

[-16 -12]
[-16 -12]

C: 

[9911 7548]
[764 712]

 Shifting step: 5

A: 

[-17 -17]
[-1 -1]

B: 

[-16 -12]
[-16 -12]

C: 

[9911 7548]
[764 712]

 Shifting step: 2

A: 


 Shifting step: 0
[-17 -17]
[-1 -1]

B: 

[-16 -12]
[-16 -12]

C: 

[9911 7548]
[764 712]

A: 

[-17 -17]
[-1 -1]

B: 

[-16 -12]
[-16 -12]

C: 

[9911 7548]
[764 712]

Result: : 


: 

[9911 7548 8007 6120 9911 7548]
[764 712 652 628 764 712]
[9911 7548 9367 7140 9911 7548]
[764 712 732 688 764 712]
[9095 6936 8551 6528 8279 6324]
[716 676 684 652 668 640]

: 


Matrices A, B: : 


: 

[-14 10 -11 2 7 -21]
[30 5 33 -34 12 35]
[25 4 21 26 -26 -6]
[16 36 -7 0 13 -11]
[-17 17 3 -3 -34 -6]
[2 -1 -10 9 -14 14]

: 

[-9 2 -16 0 -32 -9]
[-21 -6 10 -12 10 18]
[-9 1 9 35 -21 34]
[2 28 -5 30 -1 -29]
[-1 20 -1 27 -29 -1]
[-6 -36 -25 -16 -7 -33]

 Shifting step: 3

A: 

[17 -26]
[-10 -11]

B: 

[-25 0]
[-16 -12]

C: 

[-357 754]
[10 176]

 Shifting step: 1

A: 

[4 -26]
[-7 -11]

B: 

[-1 -1]
[-1 -16]

C: 

[-4 26]
[7 176]

 Shifting step: 8

A: 

[-26 -26]
[-11 -11]

B: 

[-32 18]
[-21 -29]

C: 

[26 416]
[176 132]

 Shifting step: 0

A: 

[-26 -26]
[-11 -11]

B: 

[-21 -29]
[-1 -16]

C: 

[26 416]
[176 132]

 Shifting step: 6

A: 

[-26 -26]
[-11 -11]

 Shifting step: 7

B: 


A: 

[-21 -29]
[-16 -12]
[-26 -26]

 Shifting step: 5

C: 

[-11 -11]

 Shifting step: 4
[26 416]

A: 


B: 


 Shifting step: 2
[176 132]

A: 

[-26 -26]
[10 34]

A: 

[-26 -26]
[-11 -11]
[-11 -11]

B: 


B: 

[-1 -1]
[-1 -16]
[-1 -16]
[-26 -26]
[-21 -29]

C: 

[26 416]
[-11 -11]
[176 132]

B: 

[-1 -16]
[-16 -12]

C: 

[26 416]

C: 

[176 132]
[26 416]
[176 132]
[-1 -16]

C: 

[26 416]
[176 132]

Result: : 


: 

[647 632 1502 -1298 1008 -444]
[397 173 690 279 498 372]
[314 -28 1432 450 793 -1161]
[696 447 -53 -634 -451 724]
[830 920 -116 -800 -92 1142]
[458 28 -750 1709 830 451]

: 


Matrices A, B: : 


: 

[-14 10 -11 2 7 -21]
[30 5 33 -34 12 35]
[25 4 21 26 -26 -6]
[16 36 -7 0 13 -11]
[-17 17 3 -3 -34 -6]
[2 -1 -10 9 -14 14]

: 

[-9 2 -16 0 -32 -9]
[-21 -6 10 -12 10 18]
[-9 1 9 35 -21 34]
[2 28 -5 30 -1 -29]
[-1 20 -1 27 -29 -1]
[-6 -36 -25 -16 -7 -33]

 Shifting step: 3

 Shifting step: 1

A: 

[4 4]
[-7 -7]

B: 

[-1 -1]
[-9 28]

C: 

[-4 -4]
[63 -196]

A: 


 Shifting step: 8

A: 

[4 21]
[-7 0]

B: 

[-9 28]
[-1 -1]

C: 

[-36 588]
[7 0]

 Shifting step: 5

A: 

[25 4]
[36 -7]

B: 

[-1 -1]
[-9 28]

C: 

[-800 72]
[-756 203]

 Shifting step: 0

A: 

[25 4]
[36 -7]

B: 

[-32 18]
[-21 -29]

C: 

[-800 72]
[-756 203]
[25 4]
[-7 0]

B: 

[10 34]
[-16 -12]

C: 

[-84 -609]
[0 0]

 Shifting step: 7

A: 

[21 21]
[0 0]

B: 

[-16 -12]
[-6 2]

C: 

[-189 588]
[0 0]

 Shifting step: 4

A: 

[21 21]
[0 0]

B: 

[-21 -29]
[-1 -1]

C: 

[-189 588]
[0 0]

 Shifting step: 6

 Shifting step: 2

A: 

[21 21]
[0 0]

B: 

[-9 28]
[-6 2]

C: 

[-189 588]
[0 0]

A: 

[21 21]
[0 0]

B: 

[-1 -1]
[-9 28]

C: 

[-189 588]
[0 0]

Result: : 


: 

[-1223 1996 -575 1236 -486 869]
[-602 1503 -160 55 194 449]
[-1711 2202 -410 578 -615 -218]
[705 -518 -939 420 18 -1216]
[-918 284 1317 -1422 -787 1952]
[-18 -560 -371 84 -245 -10]

: 


Matrices A, B: : 


: 

[-14 10 -11 2 7 -21]
[30 5 33 -34 12 35]
[25 4 21 26 -26 -6]
[16 36 -7 0 13 -11]
[-17 17 3 -3 -34 -6]
[2 -1 -10 9 -14 14]

: 

[-9 2 -16 0 -32 -9]
[-21 -6 10 -12 10 18]
[-9 1 9 35 -21 34]
[2 28 -5 30 -1 -29]
[-1 20 -1 27 -29 -1]
[-6 -36 -25 -16 -7 -33]

 Shifting step: 4

A: 

[25 25]
[36 36]

B: 

[10 34]
[10 34]

C: 

[-6441 12734]
[-6916 20063]

 Shifting step: 2

A: 

[25 25]
[36 36]

B: 

[10 34]
[10 34]

C: 

[-6191 13584]
[-6556 21287]

 Shifting step: 6

A: 

[25 25]
[36 36]

B: 

[10 34]
[10 34]

C: 

[-6241 16584]
[-6628 25607]

 Shifting step: 8

A: 

[25 25]
[36 36]

B: 

[10 34]
[10 34]

C: 

[-5741 18284]
[-5908 28055]

 Shifting step: 1

A: 

[25 25]
[36 36]

B: 

[10 34]
[10 34]

C: 

[-5741 18284]
[-5908 28055]

 Shifting step: 3

A: 

[25 25]
[36 36]

B: 

[10 34]
[10 34]

C: 

[-6041 20434]
[-6340 31151]

 Shifting step: 7

A: 

[25 25]
[36 36]

B: 

[10 34]
[10 34]

C: 

[-6041 20434]
[-6340 31151]

 Shifting step: 5

A: 

[25 25]
[36 36]

B: 

[10 34]
[10 34]

C: 

[-6041 20434]
[-6340 31151]

 Shifting step: 0

A: 

[25 25]
[36 36]

B: 

[10 34]
[10 34]

C: 

[-6041 20434]
[-6340 31151]

Result: : 


: 

[-6041 20434 -5741 18284 -6191 13584]
[-6340 31151 -5908 28055 -6556 21287]
[-6041 20434 -6191 13584 -6041 20434]
[-6340 31151 -6556 21287 -6340 31151]
[-5991 17434 -6041 20434 -5741 18284]
[-6268 26831 -6340 31151 -5908 28055]

: 


Matrices A, B: : 


: 

[-14 10 -11 2 7 -21]
[30 5 33 -34 12 35]
[25 4 21 26 -26 -6]
[16 36 -7 0 13 -11]
[-17 17 3 -3 -34 -6]
[2 -1 -10 9 -14 14]

: 

[-9 2 -16 0 -32 -9]
[-21 -6 10 -12 10 18]
[-9 1 9 35 -21 34]
[2 28 -5 30 -1 -29]
[-1 20 -1 27 -29 -1]
[-6 -36 -25 -16 -7 -33]

 Shifting step: 3

A: 

[3 3]
[9 9]

B: 

[-1 -1]
[-21 -29]

C: 

[-1035 -1425]
[-2385 -4576]

 Shifting step: 1

A: 

[3 3]
[9 9]

B: 

[-21 -29]
[-21 -29]

C: 

[-1035 -1425]
[-2385 -4576]

 Shifting step: 7

A: 

[-3 3]
[-14 9]

B: 

[-21 -29]
[-1 -1]

C: 

[-1164 -1602]
[-2667 -4962]

 Shifting step: 8

A: 

[3 3]
[9 9]

B: 

[-1 -1]
[-21 -29]

C: 

[-1290 -1776]
[-3045 -5484]

 Shifting step: 5

A: 

[3 3]
[9 9]

B: 

[-1 -1]
[-21 -29]

C: 

[-1290 -1776]
[-3045 -5484]

 Shifting step: 4

A: 

[3 3]
[9 9]

B: 

[-21 -29]
[-21 -29]

C: 

[-1290 -1776]
[-3045 -5484]

 Shifting step: 6

A: 

[3 3]
[9 9]

B: 

[-21 -29]
[-21 -29]

C: 

[-1290 -1776]
[-3045 -5484]

 Shifting step: 0

A: 

[3 3]
[9 9]

B: 

[-21 -29]
[-21 -29]

C: 

[-1290 -1776]
[-3045 -5484]

 Shifting step: 2

A: 

[3 3]
[9 9]

B: 

[-21 -29]
[-21 -29]

C: 

[-1290 -1776]
[-3045 -5484]

Result: : 


: 

[-1290 -1776 -1101 -1515 -1290 -1776]
[-3045 -5484 -2583 -4846 -3045 -5484]
[-1035 -1425 -1290 -1776 -1290 -1776]
[-2385 -4576 -3045 -5484 -3045 -5484]
[-1290 -1776 -1227 -1689 -1290 -1776]
[-3045 -5484 -2856 -5223 -3045 -5484]

: 


Matrices A, B: : 


: 

[-14 10 -11 2 7 -21]
[30 5 33 -34 12 35]
[25 4 21 26 -26 -6]
[16 36 -7 0 13 -11]
[-17 17 3 -3 -34 -6]
[2 -1 -10 9 -14 14]

: 

[-9 2 -16 0 -32 -9]
[-21 -6 10 -12 10 18]
[-9 1 9 35 -21 34]
[2 28 -5 30 -1 -29]
[-1 20 -1 27 -29 -1]
[-6 -36 -25 -16 -7 -33]

 Shifting step: 7

A: 

[21 21]
[0 0]

B: 

[-1 -1]
[-21 -29]

C: 

[-3985 -3315]
[-496 400]

 Shifting step: 5

A: 

[21 21]
[0 0]

B: 

[-6 2]
[-1 -1]

C: 

[-3985 -3315]
[-496 400]

 Shifting step: 0

A: 

[21 4]
[0 -7]

B: 

[-1 -16]
[-9 28]

C: 

[-4006 -3319]
[-496 603]

 Shifting step: 6

A: 

[21 4]
[0 -7]

B: 

[-25 0]
[-21 -29]

C: 

[-4006 -3319]
[-496 603]

 Shifting step: 2

A: 

[21 4]
[0 -7]

B: 

[-9 28]
[-16 -12]

C: 

[-4006 -3319]
[-496 603]

 Shifting step: 8

A: 


 Shifting step: 4

 Shifting step: 1

A: 


A: 

[21 4]
[21 4]
[21 4]
[0 -7]
[0 -7]
[0 -7]

B: 


B: 


 Shifting step: 3

B: 

[-16 -12]
[-21 -29]

A: 

[-1 -1]
[-21 -29]
[-9 28]
[21 4]
[-21 -29]

C: 


C: 

[0 -7]

C: 

[-4006 -3319]
[-4006 -3319]

B: 

[-4006 -3319]
[-496 603]
[-496 603]
[-9 28]
[-496 603]
[-1 -1]

C: 

[-4006 -3319]
[-496 603]

Result: : 


: 

[-4006 -3319 -4006 -3319 -4006 -3319]
[-496 603 -496 603 -496 603]
[-4006 -3319 -4006 -3319 -4006 -3319]
[-496 603 -496 603 -496 603]
[-4006 -3319 -3985 -3315 -4006 -3319]
[-496 603 -496 400 -496 603]

: 


Matrices A, B: : 


: 

[15 -11 -12 12]
[-15 -2 15 -15]
[12 14 -12 -6]
[-1 -8 16 -13]

: 

[0 15 14 9]
[-3 -7 -12 -4]
[10 10 -16 15]
[-13 -3 9 3]

 Shifting step: 2

A: 


 Shifting step: 0
[-12 -12]
[-15 -13]

A: 


B: 

[14 -4]
[-12 -12]
[-12 15]
[-15 -13]

C: 


B: 


 Shifting step: 1
[572 250]
[-12 15]
[-296 -559]

A: 


 Shifting step: 3
[-16 3]
[-12 -12]

A: 


C: 

[-12 -12]
[-15 -13]
[572 250]

B: 

[-296 -559]
[-15 -13]
[-12 15]

B: 

[-16 3]
[10 -3]

C: 

[572 250]
[-296 -559]
[14 -4]

C: 

[572 250]
[-296 -559]

Result: : 


: 

[572 250 572 250]
[-296 -559 -296 -559]
[572 250 572 250]
[-296 -559 -296 -559]

: 


Matrices A, B: : 


: 

[15 -11 -12 12]
[-15 -2 15 -15]
[12 14 -12 -6]
[-1 -8 16 -13]

: 

[0 15 14 9]
[-3 -7 -12 -4]
[10 10 -16 15]
[-13 -3 9 3]

 Shifting step: 0

A: 

[12 -12]
[-8 -15]

B: 

[-12 15]
[-16 3]

C: 

[-100 382]
[-418 -183]

 Shifting step: 3

A: 

[14 14]
[16 16]

B: 

[10 -3]
[14 -4]

C: 

[232 382]
[-344 -295]

 Shifting step: 1

A: 

[14 -12]
[16 -13]

B: 

[14 -4]
[-16 3]

C: 

[428 430]
[-600 -334]

 Shifting step: 2

A: 

[-12 -12]
[-13 -15]

B: 

[-16 3]
[-12 15]

C: 

[620 394]
[-444 -559]

Result: : 


: 

[-100 382 428 430]
[-418 -183 -600 -334]
[620 394 232 382]
[-444 -559 -344 -295]

: 


Matrices A, B: : 


: 

[15 -11 -12 12]
[-15 -2 15 -15]
[12 14 -12 -6]
[-1 -8 16 -13]

: 

[0 15 14 9]
[-3 -7 -12 -4]
[10 10 -16 15]
[-13 -3 9 3]

 Shifting step: 2

A: 

[14 12]
[16 -8]

B: 

[-12 15]
[14 -4]

C: 

[416 468]
[768 600]

 Shifting step: 1

A: 

[14 12]
[16 -8]

B: 

[14 -4]
[-12 15]

C: 

[636 582]
[560 296]

 Shifting step: 0

A: 

[14 12]
[16 -8]

B: 

[14 -4]
[-12 15]

C: 

[636 582]
[560 296]

 Shifting step: 3

A: 

[14 12]
[16 -8]

B: 

[14 -4]
[-12 15]

C: 

[636 582]
[560 296]

Result: : 


: 

[636 582 636 582]
[560 296 560 296]
[416 468 636 582]
[768 600 560 296]

: 


Matrices A, B: : 


: 

[15 -11 -12 12]
[-15 -2 15 -15]
[12 14 -12 -6]
[-1 -8 16 -13]

: 

[0 15 14 9]
[-3 -7 -12 -4]
[10 10 -16 15]
[-13 -3 9 3]

 Shifting step: 3

A: 

[14 12]
[16 -8]

B: 

[-12 15]
[-12 15]

C: 

[636 382]
[32 176]

 Shifting step: 0

A: 

[12 14]
[-8 16]

B: 

[-12 15]
[14 -4]

C: 

[660 544]
[16 -8]

 Shifting step: 2

A: 

[12 14]
[-8 16]

B: 

[-12 15]
[14 -4]

C: 

[660 544]
[16 -8]

 Shifting step: 1

A: 

[12 14]
[-8 16]

B: 

[-12 15]
[14 -4]

C: 

[660 544]
[16 -8]

Result: : 


: 

[660 544 660 544]
[16 -8 16 -8]
[660 544 636 382]
[16 -8 32 176]

: 


Matrices A, B: : 


: 

[15 -11 -12 12]
[-15 -2 15 -15]
[12 14 -12 -6]
[-1 -8 16 -13]

: 

[0 15 14 9]
[-3 -7 -12 -4]
[10 10 -16 15]
[-13 -3 9 3]

 Shifting step: 3

A: 

[14 12]
[16 -8]

B: 

[-12 15]
[14 -4]

C: 

[-168 180]
[224 32]

 Shifting step: 0

A: 

[14 12]
[16 -8]

B: 

[14 -4]
[-12 15]

C: 

[196 -48]
[-192 -120]

 Shifting step: 2

A: 

[14 12]
[16 -8]

B: 

[14 -4]
[-12 15]

C: 

[196 -48]
[-192 -120]

 Shifting step: 1

A: 

[14 12]
[16 -8]

B: 

[14 -4]
[-12 15]

C: 

[196 -48]
[-192 -120]

Result: : 


: 

[196 -48 196 -48]
[-192 -120 -192 -120]
[196 -48 -168 180]
[-192 -120 224 32]

: 


Matrices A, B: : 


: 

[15 -11 -12 12]
[-15 -2 15 -15]
[12 14 -12 -6]
[-1 -8 16 -13]

: 

[0 15 14 9]
[-3 -7 -12 -4]
[10 10 -16 15]
[-13 -3 9 3]

 Shifting step: 2

A: 

[14 12]
[16 -8]

B: 

[-12 15]
[14 -4]

C: 

[-168 180]
[224 32]

 Shifting step: 1

A: 

[14 12]
[16 -8]

B: 

[14 -4]
[-12 15]

C: 

[196 -48]
[-192 -120]

 Shifting step: 3

A: 

[14 12]
[16 -8]

B: 

[14 -4]
[-12 15]

C: 

[196 -48]
[-192 -120]

 Shifting step: 0

A: 

[14 12]
[16 -8]

B: 

[14 -4]
[-12 15]

C: 

[196 -48]
[-192 -120]

Result: : 


: 

[196 -48 196 -48]
[-192 -120 -192 -120]
[-168 180 196 -48]
[224 32 -192 -120]

: 


Matrices A, B: : 


: 

[15 -11 -12 12]
[-15 -2 15 -15]
[12 14 -12 -6]
[-1 -8 16 -13]

: 

[0 15 14 9]
[-3 -7 -12 -4]
[10 10 -16 15]
[-13 -3 9 3]

 Shifting step: 1

A: 

[14 12]
[16 -8]

B: 

[-12 15]
[14 -4]

C: 

[-168 180]
[224 32]

 Shifting step: 2

A: 

[14 12]
[16 -8]

B: 

[14 -4]
[-12 15]

C: 

[196 -48]
[-192 -120]

 Shifting step: 0

A: 

[14 12]
[16 -8]

B: 

[14 -4]
[-12 15]

C: 

[196 -48]
[-192 -120]

 Shifting step: 3

A: 

[14 12]
[16 -8]

B: 

[14 -4]
[-12 15]

C: 

[196 -48]
[-192 -120]

Result: : 


: 

[196 -48 -168 180]
[-192 -120 224 32]
[196 -48 196 -48]
[-192 -120 -192 -120]

: 


Matrices A, B: : 


: 

[15 -11 -12 12]
[-15 -2 15 -15]
[12 14 -12 -6]
[-1 -8 16 -13]

: 

[0 15 14 9]
[-3 -7 -12 -4]
[10 10 -16 15]
[-13 -3 9 3]

 Shifting step: 1

A: 

[14 12]
[16 -8]

B: 

[-12 15]
[14 -4]

C: 

[-168 180]
[224 32]

 Shifting step: 2

A: 

[14 12]
[16 -8]

B: 

[14 -4]
[-12 15]

C: 

[196 -48]
[-192 -120]

 Shifting step: 0

A: 

[14 12]
[16 -8]

B: 

[14 -4]
[-12 15]

C: 

[196 -48]
[-192 -120]

 Shifting step: 3

A: 

[14 12]
[16 -8]

B: 

[14 -4]
[-12 15]

C: 

[196 -48]
[-192 -120]

Result: : 


: 

[196 -48 -168 180]
[-192 -120 224 32]
[196 -48 196 -48]
[-192 -120 -192 -120]

: 


Matrices A, B: : 


: 

[15 -11 -12 12]
[-15 -2 15 -15]
[12 14 -12 -6]
[-1 -8 16 -13]

: 

[0 15 14 9]
[-3 -7 -12 -4]
[10 10 -16 15]
[-13 -3 9 3]

 Shifting step: 1

A: 

[14 12]
[16 -8]

B: 

[-12 15]
[14 -4]

C: 

[-168 180]
[224 32]

 Shifting step: 3

A: 

[14 12]
[16 -8]

B: 

[14 -4]
[-12 15]

C: 

[196 -48]
[-192 -120]

 Shifting step: 0

A: 

[14 12]
[16 -8]

B: 

[14 -4]
[-12 15]

C: 

[196 -48]
[-192 -120]

 Shifting step: 2

A: 

[14 12]
[16 -8]

B: 

[14 -4]
[-12 15]

C: 

[196 -48]
[-192 -120]

Result: : 


: 

[196 -48 -168 180]
[-192 -120 224 32]
[196 -48 196 -48]
[-192 -120 -192 -120]

: 


Matrices A, B: : 


: 

[15 -11 -12 12]
[-15 -2 15 -15]
[12 14 -12 -6]
[-1 -8 16 -13]

: 

[0 15 14 9]
[-3 -7 -12 -4]
[10 10 -16 15]
[-13 -3 9 3]

 Shifting step: 3

A: 

[14 12]
[16 -8]

B: 

[-12 15]
[14 -4]

C: 

[-168 180]
[224 32]

 Shifting step: 0

A: 

[14 12]
[16 -8]

B: 

[14 -4]
[-12 15]

C: 

[196 -48]
[-192 -120]

 Shifting step: 2

A: 

[14 12]
[16 -8]

B: 

[14 -4]
[-12 15]

C: 

[196 -48]
[-192 -120]

 Shifting step: 1

A: 

[14 12]
[16 -8]

B: 

[14 -4]
[-12 15]

C: 

[196 -48]
[-192 -120]

Result: : 


: 

[196 -48 196 -48]
[-192 -120 -192 -120]
[196 -48 -168 180]
[-192 -120 224 32]

: 


Matrices A, B: : 


: 

[15 -11 -12 12]
[-15 -2 15 -15]
[12 14 -12 -6]
[-1 -8 16 -13]

: 

[0 15 14 9]
[-3 -7 -12 -4]
[10 10 -16 15]
[-13 -3 9 3]

Matrices A, B: : 


: 

[15 -11 -12 12]
[-15 -2 15 -15]
[12 14 -12 -6]
[-1 -8 16 -13]

: 

[0 15 14 9]
[-3 -7 -12 -4]
[10 10 -16 15]
[-13 -3 9 3]

Matrices A, B: : 


: 

[15 -11 -12 12]
[-15 -2 15 -15]
[12 14 -12 -6]
[-1 -8 16 -13]

: 

[0 15 14 9]
[-3 -7 -12 -4]
[10 10 -16 15]
[-13 -3 9 3]

Matrices A, B: : 


: 

[15 -11 -12 12]
[-15 -2 15 -15]
[12 14 -12 -6]
[-1 -8 16 -13]

: 

[0 15 14 9]
[-3 -7 -12 -4]
[10 10 -16 15]
[-13 -3 9 3]

Matrices A, B: : 


: 

[15 -11 -12 12]
[-15 -2 15 -15]
[12 14 -12 -6]
[-1 -8 16 -13]

: 

[0 15 14 9]
[-3 -7 -12 -4]
[10 10 -16 15]
[-13 -3 9 3]

Matrices A, B: : 


: 

[15 -11 -12 12]
[-15 -2 15 -15]
[12 14 -12 -6]
[-1 -8 16 -13]

: 

[0 15 14 9]
[-3 -7 -12 -4]
[10 10 -16 15]
[-13 -3 9 3]

Matrices A, B: : 


: 

[15 -11 -12 12]
[-15 -2 15 -15]
[12 14 -12 -6]
[-1 -8 16 -13]

: 

[0 15 14 9]
[-3 -7 -12 -4]
[10 10 -16 15]
[-13 -3 9 3]

Matrices A, B: : 


: 

[15 -11 -12 12]
[-15 -2 15 -15]
[12 14 -12 -6]
[-1 -8 16 -13]

: 

[0 15 14 9]
[-3 -7 -12 -4]
[10 10 -16 15]
[-13 -3 9 3]

Matrices A, B: : 


: 

[15 -11 -12 12]
[-15 -2 15 -15]
[12 14 -12 -6]
[-1 -8 16 -13]

: 

[0 15 14 9]
[-3 -7 -12 -4]
[10 10 -16 15]
[-13 -3 9 3]

Matrices A, B: : 


: 

[15 -11 -12 12]
[-15 -2 15 -15]
[12 14 -12 -6]
[-1 -8 16 -13]

: 

[0 15 14 9]
[-3 -7 -12 -4]
[10 10 -16 15]
[-13 -3 9 3]

Matrices A, B: : 


: 

[15 -11 -12 12]
[-15 -2 15 -15]
[12 14 -12 -6]
[-1 -8 16 -13]

: 

[0 15 14 9]
[-3 -7 -12 -4]
[10 10 -16 15]
[-13 -3 9 3]

Matrices A, B: : 


: 

[15 -11 -12 12]
[-15 -2 15 -15]
[12 14 -12 -6]
[-1 -8 16 -13]

: 

[0 15 14 9]
[-3 -7 -12 -4]
[10 10 -16 15]
[-13 -3 9 3]

Matrices A, B: : 


: 

[15 -11 -12 12]
[-15 -2 15 -15]
[12 14 -12 -6]
[-1 -8 16 -13]

: 

[0 15 14 9]
[-3 -7 -12 -4]
[10 10 -16 15]
[-13 -3 9 3]

Matrices A, B: : 


: 

[15 -11 -12 12]
[-15 -2 15 -15]
[12 14 -12 -6]
[-1 -8 16 -13]

: 

[0 15 14 9]
[-3 -7 -12 -4]
[10 10 -16 15]
[-13 -3 9 3]

Matrices A, B: : 


: 

[15 -11 -12 12]
[-15 -2 15 -15]
[12 14 -12 -6]
[-1 -8 16 -13]

: 

[0 15 14 9]
[-3 -7 -12 -4]
[10 10 -16 15]
[-13 -3 9 3]

Matrices A, B: : 


: 

[15 -11 -12 12]
[-15 -2 15 -15]
[12 14 -12 -6]
[-1 -8 16 -13]

: 

[0 15 14 9]
[-3 -7 -12 -4]
[10 10 -16 15]
[-13 -3 9 3]

Matrices A, B: : 


: 

[15 -11 -12 12]
[-15 -2 15 -15]
[12 14 -12 -6]
[-1 -8 16 -13]

: 

[0 15 14 9]
[-3 -7 -12 -4]
[10 10 -16 15]
[-13 -3 9 3]

Matrices A, B: : 


: 

[15 -11 -12 12]
[-15 -2 15 -15]
[12 14 -12 -6]
[-1 -8 16 -13]

: 

[0 15 14 9]
[-3 -7 -12 -4]
[10 10 -16 15]
[-13 -3 9 3]

Matrices A, B: : 


: 

[15 -11 -12 12]
[-15 -2 15 -15]
[12 14 -12 -6]
[-1 -8 16 -13]

: 

[0 15 14 9]
[-3 -7 -12 -4]
[10 10 -16 15]
[-13 -3 9 3]

Matrices A, B: : 


: 

[15 -11 -12 12]
[-15 -2 15 -15]
[12 14 -12 -6]
[-1 -8 16 -13]

: 

[0 15 14 9]
[-3 -7 -12 -4]
[10 10 -16 15]
[-13 -3 9 3]

Matrices A, B: : 


: 

[15 -11 -12 12]
[-15 -2 15 -15]
[12 14 -12 -6]
[-1 -8 16 -13]

: 

[0 15 14 9]
[-3 -7 -12 -4]
[10 10 -16 15]
[-13 -3 9 3]

Matrices A, B: : 


: 

[15 -11 -12 12]
[-15 -2 15 -15]
[12 14 -12 -6]
[-1 -8 16 -13]

: 

[0 15 14 9]
[-3 -7 -12 -4]
[10 10 -16 15]
[-13 -3 9 3]

Matrices A, B: : 


: 

[15 -11 -12 12]
[-15 -2 15 -15]
[12 14 -12 -6]
[-1 -8 16 -13]

: 

[0 15 14 9]
[-3 -7 -12 -4]
[10 10 -16 15]
[-13 -3 9 3]

Matrices A, B: : 


: 

[15 -11 -12 12]
[-15 -2 15 -15]
[12 14 -12 -6]
[-1 -8 16 -13]

: 

[0 15 14 9]
[-3 -7 -12 -4]
[10 10 -16 15]
[-13 -3 9 3]

Matrices A, B: : 


: 

[15 -11 -12 12]
[-15 -2 15 -15]
[12 14 -12 -6]
[-1 -8 16 -13]

: 

[0 15 14 9]
[-3 -7 -12 -4]
[10 10 -16 15]
[-13 -3 9 3]

Matrices A, B: : 


: 

[15 -11 -12 12]
[-15 -2 15 -15]
[12 14 -12 -6]
[-1 -8 16 -13]

: 

[0 15 14 9]
[-3 -7 -12 -4]
[10 10 -16 15]
[-13 -3 9 3]

 Shifting step: 0

A: 

[12 15]
[-15 -2]

B: 

[-13 15]
[0 -7]

C: 

[-243 146]

 Shifting step: 1
[351 -16]

A: 


 Shifting step: 3
[-11 -12]

 Shifting step: 2

A: 

[14 -12]
[16 -13]

B: 

[-3 10]
[10 -3]

C: 

[-84 -20]
[353 240]

A: 

[15 -15]
[-6 12]

B: 

[-1 -8]

B: 

[9 9]
[14 -4]

C: 

[138 -146]
[-291 224]
[-12 15]
[-16 3]

C: 

[642 35]
[-561 53]

Result: : 


: 

[-243 146 642 35]
[351 -16 -561 53]
[-84 -20 138 -146]
[353 240 -291 224]

: 


Matrices A, B: : 


: 

[15 -11 -12 12]
[-15 -2 15 -15]
[12 14 -12 -6]
[-1 -8 16 -13]

: 

[0 15 14 9]
[-3 -7 -12 -4]
[10 10 -16 15]
[-13 -3 9 3]

 Shifting step: 1

A: 

[-11 -12]
[15 -15]

B: 

[-12 15]
[-16 3]

C: 

[642 35]
[-561 53]

 Shifting step: 0

A: 

[12 15]
[-15 -2]

B: 

[-13 15]
[0 -7]

C: 

[-243 146]
[351 -16]

 Shifting step: 2

A: 

[14 -12]
[16 -13]

B: 


 Shifting step: 3

A: 

[-6 12]
[-1 -8]

B: 

[9 9]
[14 -4]

C: 

[138 -146]
[-291 224]
[-3 10]
[10 -3]

C: 

[-84 -20]
[353 240]

Result: : 


: 

[-243 146 642 35]
[351 -16 -561 53]
[-84 -20 138 -146]
[353 240 -291 224]

: 


Matrices A, B: : 


: 

[15 -11 -12 12]
[-15 -2 15 -15]
[12 14 -12 -6]
[-1 -8 16 -13]

: 

[0 15 14 9]
[-3 -7 -12 -4]
[10 10 -16 15]
[-13 -3 9 3]

 Shifting step: 1

A: 

[-11 -12]
[15 -15]

B: 

[-12 15]
[-16 3]

C: 

[642 35]
[-561 53]

 Shifting step: 0

A: 

[12 15]
[-15 -2]

B: 

[-13 15]
[0 -7]

C: 

[-243 146]
[351 -16]

 Shifting step: 3

A: 

[-6 12]
[-1 -8]

B: 

[9 9]
[14 -4]

C: 

[138 -146]
[-291 224]

 Shifting step: 2

A: 

[14 -12]
[16 -13]

B: 

[-3 10]
[10 -3]

C: 

[-84 -20]
[353 240]

Result: : 


: 

[-243 146 642 35]
[351 -16 -561 53]
[-84 -20 138 -146]
[353 240 -291 224]

: 


Matrices A, B: : 


: 

[-14 10 -11 2 7 -21]
[30 5 33 -34 12 35]
[25 4 21 26 -26 -6]
[16 36 -7 0 13 -11]
[-17 17 3 -3 -34 -6]
[2 -1 -10 9 -14 14]

: 

[-9 2 -16 0 -32 -9]
[-21 -6 10 -12 10 18]
[-9 1 9 35 -21 34]
[2 28 -5 30 -1 -29]
[-1 20 -1 27 -29 -1]
[-6 -36 -25 -16 -7 -33]

 Shifting step: 6

A: 

[-3 -34]
[-14 14]

B: 

[2 20]
[-1 -36]

C: 

[-167 -681]
[41 -532]

 Shifting step: 0

A: 

[-21 -14]
[30 5]

B: 

[-6 2]
[-9 -6]

C: 

[138 853]
[-962 -1909]

 Shifting step: 5

A: 

[-6 25]
[16 36]

B: 

[-7 -9]
[-32 18]

C: 

[-431 31]
[-305 616]

 Shifting step: 4

A: 

[26 -26]
[13 -11]

B: 

[-5 27]
[-1 -16]

C: 

[-125 861]
[303 -150]

 Shifting step: 3

A: 

[4 21]
[-7 0]

B: 

[-21 1]
[-9 28]

C: 

[-384 471]
[-784 465]

 Shifting step: 1

A: 

[10 -11]
[33 -34]

B: 

[10 35]
[9 30]

C: 

[733 80]
[-850 -161]

 Shifting step: 2

A: 

[2 7]
[12 35]

B: 

[-1 -1]
[-29 -33]

C: 

[721 560]
[-2162 761]

 Shifting step: 8

A: 

[17 3]
[-10 9]

B: 

[10 34]
[-21 -29]

C: 

[1682 880]
[435 -1085]

 Shifting step: 7

A: 

[-6 -17]
[2 -1]

B: 

[-25 0]
[-16 -12]

C: 

[668 -1011]
[-513 -670]

Result: : 


: 

[138 853 733 80 721 560]
[-962 -1909 -850 -161 -2162 761]
[-384 471 -125 861 -431 31]
[-784 465 303 -150 -305 616]
[-167 -681 668 -1011 1682 880]
[41 -532 -513 -670 435 -1085]

: 


Matrices A, B: : 


: 

[-14 10 -11 2 7 -21]
[30 5 33 -34 12 35]
[25 4 21 26 -26 -6]
[16 36 -7 0 13 -11]
[-17 17 3 -3 -34 -6]
[2 -1 -10 9 -14 14]

: 

[-9 2 -16 0 -32 -9]
[-21 -6 10 -12 10 18]
[-9 1 9 35 -21 34]
[2 28 -5 30 -1 -29]
[-1 20 -1 27 -29 -1]
[-6 -36 -25 -16 -7 -33]

 Shifting step: 6

A: 

[-3 -34]
[-14 14]

B: 

[2 20]
[-1 -36]

C: 

[-167 -681]
[41 -532]

 Shifting step: 7

A: 

[-6 -17]
[2 -1]

B: 

[-25 0]
[-16 -12]

C: 

[668 -1011]
[-513 -670]

 Shifting step: 2

A: 

[2 7]
[12 35]

B: 

[-1 -1]

 Shifting step: 0
[-29 -33]

A: 


C: 

[-21 -14]
[721 560]
[30 5]
[-2162 761]

B: 

[-6 2]

 Shifting step: 5

 Shifting step: 8
[-9 -6]

A: 


A: 


 Shifting step: 4

 Shifting step: 3

C: 

[17 3]
[-6 25]

A: 


A: 

[138 853]
[-10 9]
[16 36]
[4 21]
[26 -26]
[-962 -1909]

B: 


B: 

[-7 0]
[13 -11]
[10 34]
[-7 -9]

B: 


B: 

[-21 -29]

 Shifting step: 1
[-5 27]

A: 

[-32 18]
[-21 1]

C: 

[1682 880]
[-1 -16]
[10 -11]

C: 

[-9 28]

C: 

[-384 471]
[-784 465]
[33 -34]

B: 

[10 35]
[9 30]

C: 

[733 80]
[-850 -161]
[-431 31]

C: 

[-125 861]
[435 -1085]
[303 -150]
[-305 616]

Result: : 


: 

[138 853 733 80 721 560]
[-962 -1909 -850 -161 -2162 761]
[-384 471 -125 861 -431 31]
[-784 465 303 -150 -305 616]
[-167 -681 668 -1011 1682 880]
[41 -532 -513 -670 435 -1085]

: 

