matrices a, b
[[15, -11, -12, 12], [-15, -2, 15, -15], [12, 14, -12, -6], [-1, -8, 16, -13]]
[[0, 15, 14, 9], [-3, -7, -12, -4], [10, 10, -16, 15], [-13, -3, 9, 3]]
Shifting step:1
A:1: [[15, -11], [-2, 15]]
B:1: [[0, -7], [-3, 10]]
C:1: [[0, 77], [6, 150]]
Shifting step:4
A:4: [[12, 14], [-8, 16]]
B:4: [[14, -4], [-12, 15]]
C:4: [[168, -56], [96, 240]]
Shifting step:2
A:2: [[-12, 12], [-15, -15]]
B:2: [[-16, 3], [9, 9]]
C:2: [[192, 36], [-135, -135]]
Shifting step:3
A:3: [[-12, -6], [-13, -1]]
B:3: [[10, -3], [-13, 15]]
C:3: [[-120, 18], [169, -15]]
Shifting step:4
A:4: [[-6, 12], [-1, -8]]
B:4: [[-13, 15], [0, -7]]
C:4: [[-42, 198], [169, 41]]
Shifting step:2
A:2: [[-11, -12], [15, -15]]
B:2: [[-3, 10], [10, -3]]
C:2: [[33, -43], [156, 195]]
Shifting step:5
A:5: [[14, -12], [16, -13]]
B:5: [[-12, 15], [-16, 3]]
C:5: [[0, -236], [-160, 201]]
Shifting step:3
A:3: [[12, 15], [-15, -2]]
B:3: [[9, 9], [14, -4]]
C:3: [[300, 171], [-345, -127]]
Shifting step:6
A:6: [[-12, -6], [-13, -1]]
B:6: [[-16, 3], [9, 9]]
C:6: [[192, -254], [-277, 192]]

Shifting step:5
A:5: [[12, 14], [-8, 16]]
B:5: [[0, -7], [-3, 10]]
C:5: [[-42, 100], [193, 201]]
Shifting step:4
A:4: [[15, -11], [-2, 15]]
B:4: [[14, -4], [-12, 15]]
C:4: [[510, 215], [-321, 98]]
Shifting step:7
A:7: [[-6, 12], [-1, -8]]
B:7: [[9, 9], [14, -4]]
C:7: [[138, -146], [-291, 224]]
Shifting step:4
A:4: [[12, 15], [-15, -2]]
B:4: [[-13, 15], [0, -7]]
C:4: [[-243, 146], [351, -16]]
Shifting step:5
A:5: [[-11, -12], [15, -15]]
B:5: [[-12, 15], [-16, 3]]
C:5: [[642, 35], [-561, 53]]
Shifting step:6
A:6: [[14, -12], [16, -13]]
B:6: [[-3, 10], [10, -3]]
C:6: [[-84, -20], [353, 240]]
matrices a, b
[[15, -11, -12, 12], [-15, -2, 15, -15], [12, 14, -12, -6], [-1, -8, 16, -13]]
[[0, 15, 14, 9], [-3, -7, -12, -4], [10, 10, -16, 15], [-13, -3, 9, 3]]
Shifting step:1
A:1: [[15, -11], [-2, 15]]
B:1: [[0, -7], [-3, 10]]
C:1: [[0, 77], [6, 150]]
Shifting step:2
A:2: [[-12, 12], [-15, -15]]
B:2: [[-16, 3], [9, 9]]
C:2: [[192, 36], [-135, -135]]
Shifting step:3
A:3: [[-12, -6], [-13, -1]]
B:3: [[10, -3], [-13, 15]]
C:3: [[-120, 18], [169, -15]]
Shifting step:4
A:4: [[12, 14], [-8, 16]]
B:4: [[14, -4], [-12, 15]]
C:4: [[168, -56], [96, 240]]
Shifting step:4
A:4: [[-6, 12], [-1, -8]]
B:4: [[-13, 15], [0, -7]]
C:4: [[-42, 198], [169, 41]]
]]
Shifting step:3
A:3: [[12, 15], [-15, -2]]
B:3: [[9, 9], [14, -4]]
C:3: [[300, 171], [-345, -127]]
Shifting step:2
A:2: [[-11, -12], [15, -15]]
B:2: [[-3, 10], [10, -3]]
C:2: [[33, -43], [156, 195]]
Shifting step:5
A:5: [[12, 14], [-8, 16]]
B:5: [[0, -7], [-3, 10]]
C:5: [[-42, 100], [193, 201]]
0]]
Shifting step:6
A:6: [[-12, -6], [-13, -1]]
B:6: [[-16, 3], [9, 9]]
C:6: [[192, -254], [-277, 192]]
Shifting step:4
A:4: [[15, -11], [-2, 15]]
B:4: [[14, -4], [-12, 15]]
C:4: [[510, 215], [-321, 98]]
Shifting step:7
A:7: [[-6, 12], [-1, -8]]
B:7: [[9, 9], [14, -4]]
C:7: [[138, -146], [-291, 224]]
Shifting step:6
A:6: [[14, -12], [16, -13]]
B:6: [[-3, 10], [10, -3]]
C:6: [[-84, -20], [353, 240]]
Shifting step:5
A:5: [[-11, -12], [15, -15]]
B:5: [[-12, 15], [-16, 3]]
C:5: [[642, 35], [-561, 53]]
Shifting step:4
A:4: [[12, 15], [-15, -2]]
B:4: [[-13, 15], [0, -7]]
C:4: [[-243, 146], [351, -16]]
result: 
[[-243  146  642   35]
 [ 351  -16 -561   53]
 [ -84  -20  138 -146]
 [ 353  240 -291  224]]
-----------
matrices a, b
[[15, -11, -12, 12], [-15, -2, 15, -15], [12, 14, -12, -6], [-1, -8, 16, -13]]
[[0, 15, 14, 9], [-3, -7, -12, -4], [10, 10, -16, 15], [-13, -3, 9, 3]]
Shifting step:1
A:1: [[15, -11], [-2, 15]]
B:1: [[0, -7], [-3, 10]]
C:1: [[0, 77], [6, 150]]
Shifting step:2
A:2: [[-12, 12], [-15, -15]]
B:2: [[-16, 3], [9, 9]]
C:2: [[192, 36], [-135, -135]]
Shifting step:3
A:3: [[-12, -6], [-13, -1]]
B:3: [[10, -3], [-13, 15]]
C:3: [[-120, 18], [169, -15]]
Shifting step:4
A:4: [[12, 14], [-8, 16]]
B:4: [[14, -4], [-12, 15]]
C:4: [[168, -56], [96, 240]]
Shifting step:2
A:2: [[-11, -12], [15, -15]]
B:2: [[-3, 10], [10, -3]]
C:2: [[33, -43], [156, 195]]
Shifting step:5
A:5: [[14, -12], [16, -13]]
B:5: [[-12, 15], [-16, 3]]
C:5: [[0, -236], [-160, 201]]
Shifting step:3
A:3: [[12, 15], [-15, -2]]
B:3: [[9, 9], [14, -4]]
C:3: [[300, 171], [-345, -127]]
Shifting step:5
A:5: [[12, 14], [-8, 16]]
B:5: [[0, -7], [-3, 10]]
C:5: [[-42, 100], [193, 201]]
0]]
Shifting step:6
A:6: [[-12, -6], [-13, -1]]
B:6: [[-16, 3], [9, 9]]
C:6: [[192, -254], [-277, 192]]
Shifting step:6
A:6: [[14, -12], [16, -13]]
B:6: [[-3, 10], [10, -3]]
C:6: [[-84, -20], [353, 240]]
Shifting step:5
A:5: [[-11, -12], [15, -15]]
B:5: [[-12, 15], [-16, 3]]
C:5: [[642, 35], [-561, 53]]
Shifting step:7
A:7: [[-6, 12], [-1, -8]]
B:7: [[9, 9], [14, -4]]
C:7: [[138, -146], [-291, 224]]
result: 
[[-243  146  642   35]
 [ 351  -16 -561   53]
 [ -84  -20  138 -146]
 [ 353  240 -291  224]]
-------------------------
matrices a, b
[[15, -11, -12, 12], [-15, -2, 15, -15], [12, 14, -12, -6], [-1, -8, 16, -13]]
[[0, 15, 14, 9], [-3, -7, -12, -4], [10, 10, -16, 15], [-13, -3, 9, 3]]
Shifting step:1
A:1: [[15, -11], [-2, 15]]
B:1: [[0, -7], [-3, 10]]
C:1: [[0, 77], [6, 150]]
Shifting step:2
A:2: [[-12, 12], [-15, -15]]
B:2: [[-16, 3], [9, 9]]
C:2: [[192, 36], [-135, -135]]
Shifting step:3
A:3: [[-12, -6], [-13, -1]]
B:3: [[10, -3], [-13, 15]]
C:3: [[-120, 18], [169, -15]]
Shifting step:4
A:4: [[12, 14], [-8, 16]]
B:4: [[14, -4], [-12, 15]]
C:4: [[168, -56], [96, 240]]
Shifting step:5
A:5: [[14, -12], [16, -13]]
B:5: [[-12, 15], [-16, 3]]
C:5: [[0, -236], [-160, 201]]
Shifting step:4
A:4: [[-6, 12], [-1, -8]]
B:4: [[-13, 15], [0, -7]]
C:4: [[-42, 198], [169, 41]]
Shifting step:3
A:3: [[12, 15], [-15, -2]]
B:3: [[9, 9], [14, -4]]
C:3: [[300, 171], [-345, -127]]
Shifting step:2
A:2: [[-11, -12], [15, -15]]
B:2: [[-3, 10], [10, -3]]
C:2: [[33, -43], [156, 195]]
Shifting step:3
A:3: [[-12, 12], [-15, -15]]
B:3: [[10, -3], [-13, 15]]
C:3: [[-87, -79], [351, -30]]
Shifting step:4
A:4: [[15, -11], [-2, 15]]
B:4: [[14, -4], [-12, 15]]
C:4: [[510, 215], [-321, 98]]
Shifting step:5
A:5: [[12, 14], [-8, 16]]
B:5: [[0, -7], [-3, 10]]
C:5: [[-42, 100], [193, 201]]
Shifting step:6
A:6: [[-12, -6], [-13, -1]]
B:6: [[-16, 3], [9, 9]]
C:6: [[192, -254], [-277, 192]]
Shifting step:6
A:6: [[14, -12], [16, -13]]
B:6: [[-3, 10], [10, -3]]
C:6: [[-84, -20], [353, 240]]

Shifting step:7
A:7: [[-6, 12], [-1, -8]]
B:7: [[9, 9], [14, -4]]
C:7: [[138, -146], [-291, 224]]
result: 
[[-243  146  642   35]
 [ 351  -16 -561   53]
 [ -84  -20  138 -146]
 [ 353  240 -291  224]]
-------------------------
