153.1939730644226
150.6957631111145
152.602924823761
166.40584993362427
157.66742539405823
144.3567566871643
148.42097425460815
159.99585390090942
147.43493795394897
130.91987919807434
150.1589343547821
145.37300300598145
147.99052858352661
140.82376194000244
148.79105234146118
139.24767708778381
144.86273789405823
148.49893975257874
152.76317310333252
149.5804717540741
146.32672500610352
143.24509859085083
145.38586378097534
149.71355104446411
146.35960221290588
147.6308856010437
155.4684789181613
144.46846146815684