18.277395725250244
13.3055899143219
7.1038525104522705
19.528496265411377
20.605334281921387
16.082040071487427
14.540114402770996
18.64524483680725
15.370863199234009
16.85106921195984
20.033357620239258
12.952259063720703
14.704017400741577
12.677074193954468
13.859568119049072
11.243607759475708
10.442975044250488
14.935369729995728
14.118809461593628
15.408987283706665
10.203144311904907
14.360405921936035
12.330183506011963
9.482644319534302
10.045097827911377
16.663992881774902
14.174513816833496
12.6376371383667
10.724259376525879
10.99252700805664
