50.32260704040527
67.77213144302368
30.063753366470337
42.412543296813965
39.884016275405884
44.68979334831238
26.860535621643066
6.817766189575195
42.9048285484314
29.45876407623291
31.135344982147217
31.688774824142456
24.135802030563354
23.875664949417114
29.043529272079468
21.947216987609863
25.54603910446167
20.66149353981018
16.414268016815186
17.89649796485901
17.395334243774414
23.430867433547974
19.876028537750244
17.768086671829224
24.35541796684265
24.85390830039978
17.318313121795654
22.20475959777832
22.323227882385254
24.463014125823975
