281.49675941467285
255.44685196876526
211.30637121200562
272.40054845809937
279.64784168481648
279.59946946489749
271.75874846874968
290.78978949841984
275.87496416879648
280.54684684684894
261.41684615684154
240.48646164865164
278.46854681684646
279.48496816848184
274.41864131468516
289.56846984168486
253.48678614866466
273.14868468418641
277.48416848648644
284.78979879877987
290.894984984984894
271.48564684684646
276.48648646465466
270.87498798798897
221.4864684684686
279.54654646546546
258.15646814686646
270.46546545646646
287.46846465464654
283.46546465464687