21.92687940597534
19.495591402053833
17.277584075927734
12.855145454406738
16.044567346572876
14.514456033706665
20.967827558517456
22.991906881332397
17.356312036514282
18.142884016036987
21.255706548690796
27.924381732940674
19.71521520614624
12.958425521850586
18.509703636169434
16.754082918167114
15.9803626537323
15.155912160873413
20.3705575466156
13.993621587753296
14.540539026260376
15.555216550827026
21.26873278617859
16.44734025001526
18.739458322525024
13.529647827148438
15.351751565933228
17.664300680160522
13.881628274917603
14.253657579421997