37.965808391571045
37.489479303359985
36.557759523391724
39.09975004196167
38.060340881347656
36.100955963134766
46.67541694641113
41.01837921142578
44.1576783657074
41.2596116065979
38.70584487915039
42.902239084243774
37.262367963790894
36.76014852523804
36.458141803741455
33.92526388168335
40.407431840896606
34.02616262435913
37.14002084732056
44.486260652542114
49.41365075111389
39.652918338775635
42.64125680923462
36.57126045227051
37.544776916503906
37.130375146865845
35.66623306274414
42.25049567222595
39.253239154815674
37.064586877822876
