306.11314845085144
302.43952107429504
311.54339694976807
311.12536668777466
305.1404297351837
300.9657151699066
306.49488854408264
316.031861782074
316.6569449901581
301.8338990211487
313.1029553413391
315.42751693725586
313.1142792701721
307.95000171661377
311.0588927268982
311.6724886894226
302.8359224796295
294.4296007156372
286.71258878707886
313.6167583465576
318.3272478580475
311.49898076057434
304.59229588508606
310.8624920845032
320.85902643203735
306.02620673179626
311.5707037448883
310.02620171179626
300.12599784512364
310.55746548741568