430.43153516584848
415.15684864168546
420.15864681684974
430.15848798648744
431.48798888949746
420.13546478413635
411.587416847416848
410.486764168461867
422.158418646168468
421.148741846146864
415.486798187489744
416.148797464646999
417.141816846168461
420.154846841864684
466.486414684684684
400.584684168468466
410.145684681564651
413.145886168486416
421.484684684684864
425.154684165465654
422.158646846846848
413.458478646186468
415.156486468468468
417.486746516847414
414.148474648746846
411.158476874684646
410.146846847684168
423.486476416846846
419.154864684684684
418.154468464846846